# T (K)               Helmholtz Free Energy (Ry.)
# V= 194.9260000000000
    0.00    -105.6137912906875
    0.00    -105.6137912906875
   20.00    -105.6137914998266
   30.00    -105.6137925321186
   40.00    -105.6137958250724
   50.00    -105.6138036168094
   60.00    -105.6138184854139
   70.00    -105.6138428889471
   80.00    -105.6138789056041
   90.00    -105.6139281509401
  100.00    -105.6139917977028
  110.00    -105.6140706392542
  120.00    -105.6141651630795
  130.00    -105.6142756190523
  140.00    -105.6144020770943
  150.00    -105.6145444735433
  160.00    -105.6147026474138
  170.00    -105.6148763682738
  180.00    -105.6150653574409
  190.00    -105.6152693039696
  200.00    -105.6154878766325
  210.00    -105.6157207328418
  220.00    -105.6159675252475
  230.00    -105.6162279065748
  240.00    -105.6165015331312
  250.00    -105.6167880673077
  260.00    -105.6170871793250
  270.00    -105.6173985484089
  280.00    -105.6177218635399
  290.00    -105.6180568238839
  300.00    -105.6184031389862
  310.00    -105.6187605287910
  320.00    -105.6191287235342
  330.00    -105.6195074635446
  340.00    -105.6198964989815
  350.00    -105.6202955895288
  360.00    -105.6207045040615
  370.00    -105.6211230202964
  380.00    -105.6215509244345
  390.00    -105.6219880108042
  400.00    -105.6224340815067
  410.00    -105.6228889460703
  420.00    -105.6233524211132
  430.00    -105.6238243300184
  440.00    -105.6243045026209
  450.00    -105.6247927749078
  460.00    -105.6252889887317
  470.00    -105.6257929915377
  480.00    -105.6263046361030
  490.00    -105.6268237802901
  500.00    -105.6273502868116
  510.00    -105.6278840230079
  520.00    -105.6284248606360
  530.00    -105.6289726756689
  540.00    -105.6295273481068
  550.00    -105.6300887617966
  560.00    -105.6306568042621
  570.00    -105.6312313665429
  580.00    -105.6318123430413
  590.00    -105.6323996313779
  600.00    -105.6329931322542
  610.00    -105.6335927493226
  620.00    -105.6341983890630
  630.00    -105.6348099606661
  640.00    -105.6354273759220
  650.00    -105.6360505491152
  660.00    -105.6366793969243
  670.00    -105.6373138383270
  680.00    -105.6379537945100
  690.00    -105.6385991887828
  700.00    -105.6392499464962
  710.00    -105.6399059949645
  720.00    -105.6405672633916
  730.00    -105.6412336828005
  740.00    -105.6419051859664
  750.00    -105.6425817073521
  760.00    -105.6432631830477
  770.00    -105.6439495507119
  780.00    -105.6446407495169
  790.00    -105.6453367200949
  800.00    -105.6460374044877
  810.00    -105.6467427460981
  820.00    -105.6474526896441
  830.00    -105.6481671811140
  840.00    -105.6488861677245
  850.00    -105.6496095978799
  860.00    -105.6503374211334
  870.00    -105.6510695881502
  880.00    -105.6518060506712
  890.00    -105.6525467614796
  900.00    -105.6532916743674
  910.00    -105.6540407441048
  920.00    -105.6547939264093
  930.00    -105.6555511779171
  940.00    -105.6563124561553
  950.00    -105.6570777195150
  960.00    -105.6578469272258
  970.00    -105.6586200393311
  980.00    -105.6593970166640
  990.00    -105.6601778208252
 1000.00    -105.6609624141602
 1010.00    -105.6617507597384
 1020.00    -105.6625428213332
 1030.00    -105.6633385634015
 1040.00    -105.6641379510655
 1050.00    -105.6649409500940
 1060.00    -105.6657475268850
 1070.00    -105.6665576484489
 1080.00    -105.6673712823916
 1090.00    -105.6681883968993
 1100.00    -105.6690089607227
 1110.00    -105.6698329431628
 1120.00    -105.6706603140562
 1130.00    -105.6714910437618
 1140.00    -105.6723251031469
 1150.00    -105.6731624635751
 1160.00    -105.6740030968931
 1170.00    -105.6748469754194
 1180.00    -105.6756940719323
 1190.00    -105.6765443596584
 1200.00    -105.6773978122625
 1210.00    -105.6782544038361
 1220.00    -105.6791141088880
 1230.00    -105.6799769023338
 1240.00    -105.6808427594867
 1250.00    -105.6817116560482
 1260.00    -105.6825835680987
 1270.00    -105.6834584720892
 1280.00    -105.6843363448328
 1290.00    -105.6852171634962
 1300.00    -105.6861009055920
 1310.00    -105.6869875489708
 1320.00    -105.6878770718137
 1330.00    -105.6887694526254
 1340.00    -105.6896646702263
 1350.00    -105.6905627037465
 1360.00    -105.6914635326186
 1370.00    -105.6923671365715
 1380.00    -105.6932734956237
 1390.00    -105.6941825900777
 1400.00    -105.6950944005135
 1410.00    -105.6960089077833
 1420.00    -105.6969260930055
 1430.00    -105.6978459375594
 1440.00    -105.6987684230799
 1450.00    -105.6996935314521
 1460.00    -105.7006212448064
 1470.00    -105.7015515455137
 1480.00    -105.7024844161803
 1490.00    -105.7034198396435
 1500.00    -105.7043577989671
 1510.00    -105.7052982774366
 1520.00    -105.7062412585553
 1530.00    -105.7071867260399
 1540.00    -105.7081346638164
 1550.00    -105.7090850560164
 1560.00    -105.7100378869728
 1570.00    -105.7109931412160
 1580.00    -105.7119508034707
 1590.00    -105.7129108586518
 1600.00    -105.7138732918612
 1610.00    -105.7148380883840
 1620.00    -105.7158052336857
 1630.00    -105.7167747134082
 1640.00    -105.7177465133674
 1650.00    -105.7187206195495
 1660.00    -105.7196970181082
 1670.00    -105.7206756953617
 1680.00    -105.7216566377898
 1690.00    -105.7226398320310
 1700.00    -105.7236252648800
 1710.00    -105.7246129232845
 1720.00    -105.7256027943430
 1730.00    -105.7265948653021
 1740.00    -105.7275891235538
 1750.00    -105.7285855566334
 1760.00    -105.7295841522167
 1770.00    -105.7305848981178
 1780.00    -105.7315877822868
 1790.00    -105.7325927928077
 1800.00    -105.7335999178959
 1810.00    -105.7346091458963
 1820.00    -105.7356204652808
 1830.00    -105.7366338646469
 1840.00    -105.7376493327150
 1850.00    -105.7386668583269
 1860.00    -105.7396864304434
 1870.00    -105.7407080381430
 1880.00    -105.7417316706196
 1890.00    -105.7427573171807
 1900.00    -105.7437849672459
 1910.00    -105.7448146103449
 1920.00    -105.7458462361158
 1930.00    -105.7468798343037
 1940.00    -105.7479153947587
 1950.00    -105.7489529074347
 1960.00    -105.7499923623872
 1970.00    -105.7510337497725
 1980.00    -105.7520770598458
 1990.00    -105.7531222829596
 2000.00    -105.7541694095626
# V= 192.1501000000000
    0.00    -105.6152635716977
    0.00    -105.6152635716977
   20.00    -105.6152637637056
   30.00    -105.6152646969499
   40.00    -105.6152676537805
   50.00    -105.6152746712104
   60.00    -105.6152881586067
   70.00    -105.6153104762906
   80.00    -105.6153436731460
   90.00    -105.6153893838062
  100.00    -105.6154488278635
  110.00    -105.6155228581257
  120.00    -105.6156120246697
  130.00    -105.6157166378626
  140.00    -105.6158368234634
  150.00    -105.6159725680026
  160.00    -105.6161237549161
  170.00    -105.6162901927293
  180.00    -105.6164716367533
  190.00    -105.6166678056344
  200.00    -105.6168783938876
  210.00    -105.6171030813305
  220.00    -105.6173415401398
  230.00    -105.6175934400896
  240.00    -105.6178584524052
  250.00    -105.6181362525631
  260.00    -105.6184265222912
  270.00    -105.6187289509612
  280.00    -105.6190432365238
  290.00    -105.6193690860962
  300.00    -105.6197062162908
  310.00    -105.6200543533496
  320.00    -105.6204132331348
  330.00    -105.6207826010144
  340.00    -105.6211622116719
  350.00    -105.6215518288626
  360.00    -105.6219512251343
  370.00    -105.6223601815233
  380.00    -105.6227784872386
  390.00    -105.6232059393389
  400.00    -105.6236423424094
  410.00    -105.6240875082419
  420.00    -105.6245412555219
  430.00    -105.6250034095235
  440.00    -105.6254738018145
  450.00    -105.6259522699729
  460.00    -105.6264386573140
  470.00    -105.6269328126298
  480.00    -105.6274345899399
  490.00    -105.6279438482542
  500.00    -105.6284604513472
  510.00    -105.6289842675424
  520.00    -105.6295151695088
  530.00    -105.6300530340668
  540.00    -105.6305977420040
  550.00    -105.6311491779009
  560.00    -105.6317072299650
  570.00    -105.6322717898740
  580.00    -105.6328427526262
  590.00    -105.6334200163998
  600.00    -105.6340034824183
  610.00    -105.6345930548232
  620.00    -105.6351886405535
  630.00    -105.6357901492309
  640.00    -105.6363974930505
  650.00    -105.6370105866780
  660.00    -105.6376293471507
  670.00    -105.6382536937847
  680.00    -105.6388835480855
  690.00    -105.6395188336637
  700.00    -105.6401594761546
  710.00    -105.6408054031414
  720.00    -105.6414565440825
  730.00    -105.6421128302419
  740.00    -105.6427741946228
  750.00    -105.6434405719046
  760.00    -105.6441118983829
  770.00    -105.6447881119112
  780.00    -105.6454691518471
  790.00    -105.6461549589987
  800.00    -105.6468454755755
  810.00    -105.6475406451397
  820.00    -105.6482404125612
  830.00    -105.6489447239729
  840.00    -105.6496535267296
  850.00    -105.6503667693671
  860.00    -105.6510844015643
  870.00    -105.6518063741064
  880.00    -105.6525326388489
  890.00    -105.6532631486846
  900.00    -105.6539978575104
  910.00    -105.6547367201966
  920.00    -105.6554796925568
  930.00    -105.6562267313192
  940.00    -105.6569777940990
  950.00    -105.6577328393719
  960.00    -105.6584918264483
  970.00    -105.6592547154494
  980.00    -105.6600214672831
  990.00    -105.6607920436215
 1000.00    -105.6615664068789
 1010.00    -105.6623445201912
 1020.00    -105.6631263473950
 1030.00    -105.6639118530086
 1040.00    -105.6647010022128
 1050.00    -105.6654937608333
 1060.00    -105.6662900953226
 1070.00    -105.6670899727433
 1080.00    -105.6678933607522
 1090.00    -105.6687002275842
 1100.00    -105.6695105420370
 1110.00    -105.6703242734569
 1120.00    -105.6711413917244
 1130.00    -105.6719618672403
 1140.00    -105.6727856709130
 1150.00    -105.6736127741452
 1160.00    -105.6744431488217
 1170.00    -105.6752767672978
 1180.00    -105.6761136023871
 1190.00    -105.6769536273508
 1200.00    -105.6777968158866
 1210.00    -105.6786431421182
 1220.00    -105.6794925805855
 1230.00    -105.6803451062342
 1240.00    -105.6812006944065
 1250.00    -105.6820593208321
 1260.00    -105.6829209616186
 1270.00    -105.6837855932437
 1280.00    -105.6846531925459
 1290.00    -105.6855237367169
 1300.00    -105.6863972032931
 1310.00    -105.6872735701487
 1320.00    -105.6881528154874
 1330.00    -105.6890349178358
 1340.00    -105.6899198560357
 1350.00    -105.6908076092379
 1360.00    -105.6916981568951
 1370.00    -105.6925914787555
 1380.00    -105.6934875548569
 1390.00    -105.6943863655199
 1400.00    -105.6952878913426
 1410.00    -105.6961921131945
 1420.00    -105.6970990122109
 1430.00    -105.6980085697876
 1440.00    -105.6989207675754
 1450.00    -105.6998355874749
 1460.00    -105.7007530116317
 1470.00    -105.7016730224313
 1480.00    -105.7025956024945
 1490.00    -105.7035207346725
 1500.00    -105.7044484020424
 1510.00    -105.7053785879032
 1520.00    -105.7063112757709
 1530.00    -105.7072464493748
 1540.00    -105.7081840926533
 1550.00    -105.7091241897495
 1560.00    -105.7100667250080
 1570.00    -105.7110116829707
 1580.00    -105.7119590483732
 1590.00    -105.7129088061411
 1600.00    -105.7138609413867
 1610.00    -105.7148154394055
 1620.00    -105.7157722856727
 1630.00    -105.7167314658403
 1640.00    -105.7176929657333
 1650.00    -105.7186567713473
 1660.00    -105.7196228688451
 1670.00    -105.7205912445537
 1680.00    -105.7215618849614
 1690.00    -105.7225347767152
 1700.00    -105.7235099066179
 1710.00    -105.7244872616254
 1720.00    -105.7254668288439
 1730.00    -105.7264485955276
 1740.00    -105.7274325490762
 1750.00    -105.7284186770320
 1760.00    -105.7294069670782
 1770.00    -105.7303974070357
 1780.00    -105.7313899848616
 1790.00    -105.7323846886465
 1800.00    -105.7333815066122
 1810.00    -105.7343804271101
 1820.00    -105.7353814386185
 1830.00    -105.7363845297407
 1840.00    -105.7373896892032
 1850.00    -105.7383969058536
 1860.00    -105.7394061686586
 1870.00    -105.7404174667022
 1880.00    -105.7414307891836
 1890.00    -105.7424461254160
 1900.00    -105.7434634648239
 1910.00    -105.7444827969424
 1920.00    -105.7455041114146
 1930.00    -105.7465273979904
 1940.00    -105.7475526465249
 1950.00    -105.7485798469765
 1960.00    -105.7496089894056
 1970.00    -105.7506400639730
 1980.00    -105.7516730609381
 1990.00    -105.7527079706581
 2000.00    -105.7537447835858
# V= 188.6413000000000
    0.00    -105.6167505645321
    0.00    -105.6167505645321
   20.00    -105.6167507388275
   30.00    -105.6167515715197
   40.00    -105.6167541849575
   50.00    -105.6167603976158
   60.00    -105.6167724207752
   70.00    -105.6167924850260
   80.00    -105.6168225844213
   90.00    -105.6168643572765
  100.00    -105.6169190640680
  110.00    -105.6169876181055
  120.00    -105.6170706376140
  130.00    -105.6171685015202
  140.00    -105.6172814006123
  150.00    -105.6174093810516
  160.00    -105.6175523798557
  170.00    -105.6177102531067
  180.00    -105.6178827980163
  190.00    -105.6180697699949
  200.00    -105.6182708957521
  210.00    -105.6184858832831
  220.00    -105.6187144294387
  230.00    -105.6189562256242
  240.00    -105.6192109620601
  250.00    -105.6194783309363
  260.00    -105.6197580287179
  270.00    -105.6200497578026
  280.00    -105.6203532276814
  290.00    -105.6206681557212
  300.00    -105.6209942676596
  310.00    -105.6213312978832
  320.00    -105.6216789895404
  330.00    -105.6220370945334
  340.00    -105.6224053734187
  350.00    -105.6227835952431
  360.00    -105.6231715373309
  370.00    -105.6235689850412
  380.00    -105.6239757315018
  390.00    -105.6243915773317
  400.00    -105.6248163303571
  410.00    -105.6252498053258
  420.00    -105.6256918236239
  430.00    -105.6261422129973
  440.00    -105.6266008072804
  450.00    -105.6270674461327
  460.00    -105.6275419747841
  470.00    -105.6280242437906
  480.00    -105.6285141087997
  490.00    -105.6290114303253
  500.00    -105.6295160735334
  510.00    -105.6300279080373
  520.00    -105.6305468077025
  530.00    -105.6310726504611
  540.00    -105.6316053181346
  550.00    -105.6321446962665
  560.00    -105.6326906739622
  570.00    -105.6332431437374
  580.00    -105.6338020013739
  590.00    -105.6343671457823
  600.00    -105.6349384788722
  610.00    -105.6355159054285
  620.00    -105.6360993329936
  630.00    -105.6366886717558
  640.00    -105.6372838344433
  650.00    -105.6378847362229
  660.00    -105.6384912946042
  670.00    -105.6391034293483
  680.00    -105.6397210623803
  690.00    -105.6403441177073
  700.00    -105.6409725213390
  710.00    -105.6416062012127
  720.00    -105.6422450871217
  730.00    -105.6428891106474
  740.00    -105.6435382050935
  750.00    -105.6441923054247
  760.00    -105.6448513482068
  770.00    -105.6455152715505
  780.00    -105.6461840150571
  790.00    -105.6468575197671
  800.00    -105.6475357281105
  810.00    -105.6482185838598
  820.00    -105.6489060320849
  830.00    -105.6495980191094
  840.00    -105.6502944924700
  850.00    -105.6509954008761
  860.00    -105.6517006941721
  870.00    -105.6524103233014
  880.00    -105.6531242402706
  890.00    -105.6538423981170
  900.00    -105.6545647508758
  910.00    -105.6552912535495
  920.00    -105.6560218620784
  930.00    -105.6567565333118
  940.00    -105.6574952249812
  950.00    -105.6582378956736
  960.00    -105.6589845048066
  970.00    -105.6597350126036
  980.00    -105.6604893800710
  990.00    -105.6612475689755
 1000.00    -105.6620095418222
 1010.00    -105.6627752618341
 1020.00    -105.6635446929318
 1030.00    -105.6643177997143
 1040.00    -105.6650945474401
 1050.00    -105.6658749020094
 1060.00    -105.6666588299468
 1070.00    -105.6674462983843
 1080.00    -105.6682372750453
 1090.00    -105.6690317282290
 1100.00    -105.6698296267953
 1110.00    -105.6706309401503
 1120.00    -105.6714356382321
 1130.00    -105.6722436914974
 1140.00    -105.6730550709082
 1150.00    -105.6738697479192
 1160.00    -105.6746876944656
 1170.00    -105.6755088829508
 1180.00    -105.6763332862355
 1190.00    -105.6771608776261
 1200.00    -105.6779916308641
 1210.00    -105.6788255201157
 1220.00    -105.6796625199616
 1230.00    -105.6805026053872
 1240.00    -105.6813457517733
 1250.00    -105.6821919348866
 1260.00    -105.6830411308710
 1270.00    -105.6838933162388
 1280.00    -105.6847484678624
 1290.00    -105.6856065629663
 1300.00    -105.6864675791189
 1310.00    -105.6873314942249
 1320.00    -105.6881982865182
 1330.00    -105.6890679345541
 1340.00    -105.6899404172029
 1350.00    -105.6908157136425
 1360.00    -105.6916938033521
 1370.00    -105.6925746661059
 1380.00    -105.6934582819665
 1390.00    -105.6943446312789
 1400.00    -105.6952336946648
 1410.00    -105.6961254530167
 1420.00    -105.6970198874922
 1430.00    -105.6979169795087
 1440.00    -105.6988167107382
 1450.00    -105.6997190631018
 1460.00    -105.7006240187651
 1470.00    -105.7015315601330
 1480.00    -105.7024416698452
 1490.00    -105.7033543307712
 1500.00    -105.7042695260063
 1510.00    -105.7051872388666
 1520.00    -105.7061074528853
 1530.00    -105.7070301518083
 1540.00    -105.7079553195898
 1550.00    -105.7088829403889
 1560.00    -105.7098129985655
 1570.00    -105.7107454786762
 1580.00    -105.7116803654713
 1590.00    -105.7126176438906
 1600.00    -105.7135572990602
 1610.00    -105.7144993162891
 1620.00    -105.7154436810656
 1630.00    -105.7163903790545
 1640.00    -105.7173393960935
 1650.00    -105.7182907181903
 1660.00    -105.7192443315196
 1670.00    -105.7202002224201
 1680.00    -105.7211583773914
 1690.00    -105.7221187830918
 1700.00    -105.7230814263348
 1710.00    -105.7240462940867
 1720.00    -105.7250133734644
 1730.00    -105.7259826517320
 1740.00    -105.7269541162991
 1750.00    -105.7279277547178
 1760.00    -105.7289035546805
 1770.00    -105.7298815040174
 1780.00    -105.7308615906948
 1790.00    -105.7318438028118
 1800.00    -105.7328281285991
 1810.00    -105.7338145564164
 1820.00    -105.7348030747501
 1830.00    -105.7357936722119
 1840.00    -105.7367863375360
 1850.00    -105.7377810595778
 1860.00    -105.7387778273114
 1870.00    -105.7397766298283
 1880.00    -105.7407774563350
 1890.00    -105.7417802961516
 1900.00    -105.7427851387099
 1910.00    -105.7437919735514
 1920.00    -105.7448007903260
 1930.00    -105.7458115787902
 1940.00    -105.7468243288053
 1950.00    -105.7478390303362
 1960.00    -105.7488556734492
 1970.00    -105.7498742483112
 1980.00    -105.7508947451875
 1990.00    -105.7519171544410
 2000.00    -105.7529414665302
# V= 185.5502000000000
    0.00    -105.6177088301311
    0.00    -105.6177088301311
   20.00    -105.6177089914919
   30.00    -105.6177097522719
   40.00    -105.6177121192512
   50.00    -105.6177177453781
   60.00    -105.6177286812553
   70.00    -105.6177470408754
   80.00    -105.6177747574687
   90.00    -105.6178134567424
  100.00    -105.6178644202610
  110.00    -105.6179286023648
  120.00    -105.6180066719782
  130.00    -105.6180990616634
  140.00    -105.6182060147743
  150.00    -105.6183276268119
  160.00    -105.6184638799144
  170.00    -105.6186146707652
  180.00    -105.6187798327439
  190.00    -105.6189591532832
  200.00    -105.6191523873443
  210.00    -105.6193592678063
  220.00    -105.6195795134265
  230.00    -105.6198128349041
  240.00    -105.6200589394703
  250.00    -105.6203175343339
  260.00    -105.6205883292447
  270.00    -105.6208710383733
  280.00    -105.6211653816668
  290.00    -105.6214710857980
  300.00    -105.6217878848064
  310.00    -105.6221155205002
  320.00    -105.6224537426782
  330.00    -105.6228023092148
  340.00    -105.6231609860420
  350.00    -105.6235295470541
  360.00    -105.6239077739576
  370.00    -105.6242954560799
  380.00    -105.6246923901505
  390.00    -105.6250983800631
  400.00    -105.6255132366272
  410.00    -105.6259367773134
  420.00    -105.6263688259969
  430.00    -105.6268092127038
  440.00    -105.6272577733600
  450.00    -105.6277143495467
  460.00    -105.6281787882630
  470.00    -105.6286509416952
  480.00    -105.6291306669957
  490.00    -105.6296178260697
  500.00    -105.6301122853711
  510.00    -105.6306139157071
  520.00    -105.6311225920512
  530.00    -105.6316381933651
  540.00    -105.6321606024286
  550.00    -105.6326897056777
  560.00    -105.6332253930503
  570.00    -105.6337675578392
  580.00    -105.6343160965529
  590.00    -105.6348709087817
  600.00    -105.6354318970719
  610.00    -105.6359989668054
  620.00    -105.6365720260849
  630.00    -105.6371509856249
  640.00    -105.6377357586486
  650.00    -105.6383262607884
  660.00    -105.6389224099927
  670.00    -105.6395241264358
  680.00    -105.6401313324332
  690.00    -105.6407439523603
  700.00    -105.6413619125747
  710.00    -105.6419851413431
  720.00    -105.6426135687703
  730.00    -105.6432471267325
  740.00    -105.6438857488133
  750.00    -105.6445293702425
  760.00    -105.6451779278374
  770.00    -105.6458313599478
  780.00    -105.6464896064022
  790.00    -105.6471526084567
  800.00    -105.6478203087470
  810.00    -105.6484926512410
  820.00    -105.6491695811949
  830.00    -105.6498510451100
  840.00    -105.6505369906921
  850.00    -105.6512273668121
  860.00    -105.6519221234689
  870.00    -105.6526212117528
  880.00    -105.6533245838115
  890.00    -105.6540321928166
  900.00    -105.6547439929320
  910.00    -105.6554599392835
  920.00    -105.6561799879293
  930.00    -105.6569040958317
  940.00    -105.6576322208304
  950.00    -105.6583643216163
  960.00    -105.6591003577063
  970.00    -105.6598402894196
  980.00    -105.6605840778543
  990.00    -105.6613316848649
 1000.00    -105.6620830730413
 1010.00    -105.6628382056878
 1020.00    -105.6635970468032
 1030.00    -105.6643595610616
 1040.00    -105.6651257137939
 1050.00    -105.6658954709700
 1060.00    -105.6666687991814
 1070.00    -105.6674456656249
 1080.00    -105.6682260380859
 1090.00    -105.6690098849238
 1100.00    -105.6697971750562
 1110.00    -105.6705878779450
 1120.00    -105.6713819635821
 1130.00    -105.6721794024763
 1140.00    -105.6729801656395
 1150.00    -105.6737842245751
 1160.00    -105.6745915512647
 1170.00    -105.6754021181572
 1180.00    -105.6762158981569
 1190.00    -105.6770328646124
 1200.00    -105.6778529913061
 1210.00    -105.6786762524437
 1220.00    -105.6795026226441
 1230.00    -105.6803320769297
 1240.00    -105.6811645907172
 1250.00    -105.6820001398078
 1260.00    -105.6828387003792
 1270.00    -105.6836802489762
 1280.00    -105.6845247625027
 1290.00    -105.6853722182138
 1300.00    -105.6862225937076
 1310.00    -105.6870758669175
 1320.00    -105.6879320161053
 1330.00    -105.6887910198534
 1340.00    -105.6896528570583
 1350.00    -105.6905175069234
 1360.00    -105.6913849489527
 1370.00    -105.6922551629444
 1380.00    -105.6931281289844
 1390.00    -105.6940038274405
 1400.00    -105.6948822389564
 1410.00    -105.6957633444458
 1420.00    -105.6966471250874
 1430.00    -105.6975335623188
 1440.00    -105.6984226378315
 1450.00    -105.6993143335659
 1460.00    -105.7002086317062
 1470.00    -105.7011055146755
 1480.00    -105.7020049651309
 1490.00    -105.7029069659593
 1500.00    -105.7038115002726
 1510.00    -105.7047185514032
 1520.00    -105.7056281029002
 1530.00    -105.7065401385247
 1540.00    -105.7074546422463
 1550.00    -105.7083715982386
 1560.00    -105.7092909908756
 1570.00    -105.7102128047282
 1580.00    -105.7111370245599
 1590.00    -105.7120636353240
 1600.00    -105.7129926221593
 1610.00    -105.7139239703875
 1620.00    -105.7148576655092
 1630.00    -105.7157936932011
 1640.00    -105.7167320393125
 1650.00    -105.7176726898628
 1660.00    -105.7186156310375
 1670.00    -105.7195608491864
 1680.00    -105.7205083308197
 1690.00    -105.7214580626058
 1700.00    -105.7224100313686
 1710.00    -105.7233642240842
 1720.00    -105.7243206278791
 1730.00    -105.7252792300270
 1740.00    -105.7262400179465
 1750.00    -105.7272029791988
 1760.00    -105.7281681014851
 1770.00    -105.7291353726443
 1780.00    -105.7301047806509
 1790.00    -105.7310763136124
 1800.00    -105.7320499597675
 1810.00    -105.7330257074838
 1820.00    -105.7340035452554
 1830.00    -105.7349834617014
 1840.00    -105.7359654455635
 1850.00    -105.7369494857042
 1860.00    -105.7379355711048
 1870.00    -105.7389236908636
 1880.00    -105.7399138341939
 1890.00    -105.7409059904224
 1900.00    -105.7419001489873
 1910.00    -105.7428962994366
 1920.00    -105.7438944314263
 1930.00    -105.7448945347190
 1940.00    -105.7458965991820
 1950.00    -105.7469006147859
 1960.00    -105.7479065716030
 1970.00    -105.7489144598054
 1980.00    -105.7499242696643
 1990.00    -105.7509359915477
 2000.00    -105.7519496159194
# V= 182.4931000000000
    0.00    -105.6182833772604
    0.00    -105.6182833772604
   20.00    -105.6182835281229
   30.00    -105.6182842310120
   40.00    -105.6182863978311
   50.00    -105.6182915402101
   60.00    -105.6183015644062
   70.00    -105.6183184716188
   80.00    -105.6183441281171
   90.00    -105.6183801359084
  100.00    -105.6184277855123
  110.00    -105.6184880612325
  120.00    -105.6185616734785
  130.00    -105.6186491011613
  140.00    -105.6187506346117
  150.00    -105.6188664144634
  160.00    -105.6189964648475
  170.00    -105.6191407207418
  180.00    -105.6192990500040
  190.00    -105.6194712708584
  200.00    -105.6196571656286
  210.00    -105.6198564914395
  220.00    -105.6200689885038
  230.00    -105.6202943865007
  240.00    -105.6205324094588
  250.00    -105.6207827794675
  260.00    -105.6210452194772
  270.00    -105.6213194553877
  280.00    -105.6216052175865
  290.00    -105.6219022420585
  300.00    -105.6222102711646
  310.00    -105.6225290541654
  320.00    -105.6228583475474
  330.00    -105.6231979151989
  340.00    -105.6235475284710
  350.00    -105.6239069661514
  360.00    -105.6242760143740
  370.00    -105.6246544664799
  380.00    -105.6250421228439
  390.00    -105.6254387906773
  400.00    -105.6258442838140
  410.00    -105.6262584224866
  420.00    -105.6266810330975
  430.00    -105.6271119479884
  440.00    -105.6275510052110
  450.00    -105.6279980483008
  460.00    -105.6284529260560
  470.00    -105.6289154923226
  480.00    -105.6293856057852
  490.00    -105.6298631297662
  500.00    -105.6303479320318
  510.00    -105.6308398846060
  520.00    -105.6313388635921
  530.00    -105.6318447490021
  540.00    -105.6323574245935
  550.00    -105.6328767777130
  560.00    -105.6334026991483
  570.00    -105.6339350829860
  580.00    -105.6344738264764
  590.00    -105.6350188299042
  600.00    -105.6355699964665
  610.00    -105.6361272321550
  620.00    -105.6366904456452
  630.00    -105.6372595481898
  640.00    -105.6378344535177
  650.00    -105.6384150777378
  660.00    -105.6390013392470
  670.00    -105.6395931586427
  680.00    -105.6401904586395
  690.00    -105.6407931639897
  700.00    -105.6414012014073
  710.00    -105.6420144994958
  720.00    -105.6426329886788
  730.00    -105.6432566011348
  740.00    -105.6438852707334
  750.00    -105.6445189329761
  760.00    -105.6451575249379
  770.00    -105.6458009852134
  780.00    -105.6464492538636
  790.00    -105.6471022723659
  800.00    -105.6477599835663
  810.00    -105.6484223316333
  820.00    -105.6490892620137
  830.00    -105.6497607213909
  840.00    -105.6504366576441
  850.00    -105.6511170198100
  860.00    -105.6518017580452
  870.00    -105.6524908235911
  880.00    -105.6531841687397
  890.00    -105.6538817468005
  900.00    -105.6545835120695
  910.00    -105.6552894197986
  920.00    -105.6559994261670
  930.00    -105.6567134882529
  940.00    -105.6574315640069
  950.00    -105.6581536122264
  960.00    -105.6588795925305
  970.00    -105.6596094653362
  980.00    -105.6603431918356
  990.00    -105.6610807339738
 1000.00    -105.6618220544273
 1010.00    -105.6625671165838
 1020.00    -105.6633158845223
 1030.00    -105.6640683229942
 1040.00    -105.6648243974044
 1050.00    -105.6655840737945
 1060.00    -105.6663473188246
 1070.00    -105.6671140997577
 1080.00    -105.6678843844433
 1090.00    -105.6686581413021
 1100.00    -105.6694353393113
 1110.00    -105.6702159479898
 1120.00    -105.6709999373850
 1130.00    -105.6717872780587
 1140.00    -105.6725779410745
 1150.00    -105.6733718979852
 1160.00    -105.6741691208208
 1170.00    -105.6749695820764
 1180.00    -105.6757732547010
 1190.00    -105.6765801120867
 1200.00    -105.6773901280579
 1210.00    -105.6782032768606
 1220.00    -105.6790195331532
 1230.00    -105.6798388719960
 1240.00    -105.6806612688423
 1250.00    -105.6814866995292
 1260.00    -105.6823151402687
 1270.00    -105.6831465676390
 1280.00    -105.6839809585767
 1290.00    -105.6848182903679
 1300.00    -105.6856585406413
 1310.00    -105.6865016873599
 1320.00    -105.6873477088140
 1330.00    -105.6881965836138
 1340.00    -105.6890482906828
 1350.00    -105.6899028092507
 1360.00    -105.6907601188468
 1370.00    -105.6916201992939
 1380.00    -105.6924830307019
 1390.00    -105.6933485934619
 1400.00    -105.6942168682403
 1410.00    -105.6950878359728
 1420.00    -105.6959614778594
 1430.00    -105.6968377753584
 1440.00    -105.6977167101817
 1450.00    -105.6985982642893
 1460.00    -105.6994824198845
 1470.00    -105.7003691594090
 1480.00    -105.7012584655381
 1490.00    -105.7021503211761
 1500.00    -105.7030447094523
 1510.00    -105.7039416137158
 1520.00    -105.7048410175318
 1530.00    -105.7057429046775
 1540.00    -105.7066472591378
 1550.00    -105.7075540651012
 1560.00    -105.7084633069567
 1570.00    -105.7093749692893
 1580.00    -105.7102890368765
 1590.00    -105.7112054946850
 1600.00    -105.7121243278672
 1610.00    -105.7130455217574
 1620.00    -105.7139690618690
 1630.00    -105.7148949338909
 1640.00    -105.7158231236846
 1650.00    -105.7167536172810
 1660.00    -105.7176864008771
 1670.00    -105.7186214608338
 1680.00    -105.7195587836723
 1690.00    -105.7204983560717
 1700.00    -105.7214401648661
 1710.00    -105.7223841970419
 1720.00    -105.7233304397354
 1730.00    -105.7242788802301
 1740.00    -105.7252295059541
 1750.00    -105.7261823044777
 1760.00    -105.7271372635112
 1770.00    -105.7280943709024
 1780.00    -105.7290536146344
 1790.00    -105.7300149828233
 1800.00    -105.7309784637158
 1810.00    -105.7319440456877
 1820.00    -105.7329117172410
 1830.00    -105.7338814670026
 1840.00    -105.7348532837217
 1850.00    -105.7358271562683
 1860.00    -105.7368030736308
 1870.00    -105.7377810249147
 1880.00    -105.7387609993402
 1890.00    -105.7397429862408
 1900.00    -105.7407269750613
 1910.00    -105.7417129553563
 1920.00    -105.7427009167881
 1930.00    -105.7436908491257
 1940.00    -105.7446827422424
 1950.00    -105.7456765861148
 1960.00    -105.7466723708210
 1970.00    -105.7476700865391
 1980.00    -105.7486697235457
 1990.00    -105.7496712722144
 2000.00    -105.7506747230144
# V= 179.4698000000000
    0.00    -105.6185244500660
    0.00    -105.6185244500660
   20.00    -105.6185245919748
   30.00    -105.6185252466295
   40.00    -105.6185272472598
   50.00    -105.6185319842946
   60.00    -105.6185412342297
   70.00    -105.6185568898134
   80.00    -105.6185807457884
   90.00    -105.6186143710040
  100.00    -105.6186590541266
  110.00    -105.6187157993538
  120.00    -105.6187853501268
  130.00    -105.6188682250304
  140.00    -105.6189647563055
  150.00    -105.6190751259801
  160.00    -105.6191993974792
  170.00    -105.6193375421670
  180.00    -105.6194894610605
  190.00    -105.6196550022893
  200.00    -105.6198339749681
  210.00    -105.6200261601230
  220.00    -105.6202313192385
  230.00    -105.6204492009048
  240.00    -105.6206795459585
  250.00    -105.6209220914346
  260.00    -105.6211765735844
  270.00    -105.6214427301607
  280.00    -105.6217203021285
  290.00    -105.6220090349281
  300.00    -105.6223086793881
  310.00    -105.6226189923658
  320.00    -105.6229397371762
  330.00    -105.6232706838576
  340.00    -105.6236116093105
  350.00    -105.6239622973398
  360.00    -105.6243225386238
  370.00    -105.6246921306277
  380.00    -105.6250708774761
  390.00    -105.6254585897954
  400.00    -105.6258550845355
  410.00    -105.6262601847769
  420.00    -105.6266737195295
  430.00    -105.6270955235259
  440.00    -105.6275254370139
  450.00    -105.6279633055490
  460.00    -105.6284089797906
  470.00    -105.6288623153015
  480.00    -105.6293231723528
  490.00    -105.6297914157345
  500.00    -105.6302669145726
  510.00    -105.6307495421524
  520.00    -105.6312391757486
  530.00    -105.6317356964627
  540.00    -105.6322389890662
  550.00    -105.6327489418516
  560.00    -105.6332654464886
  570.00    -105.6337883978880
  580.00    -105.6343176940707
  590.00    -105.6348532360432
  600.00    -105.6353949276783
  610.00    -105.6359426756022
  620.00    -105.6364963890857
  630.00    -105.6370559799409
  640.00    -105.6376213624231
  650.00    -105.6381924531366
  660.00    -105.6387691709451
  670.00    -105.6393514368862
  680.00    -105.6399391740900
  690.00    -105.6405323077011
  700.00    -105.6411307648044
  710.00    -105.6417344743541
  720.00    -105.6423433671062
  730.00    -105.6429573755534
  740.00    -105.6435764338639
  750.00    -105.6442004778217
  760.00    -105.6448294447706
  770.00    -105.6454632735601
  780.00    -105.6461019044935
  790.00    -105.6467452792790
  800.00    -105.6473933409818
  810.00    -105.6480460339793
  820.00    -105.6487033039173
  830.00    -105.6493650976688
  840.00    -105.6500313632940
  850.00    -105.6507020500020
  860.00    -105.6513771081145
  870.00    -105.6520564890303
  880.00    -105.6527401451917
  890.00    -105.6534280300522
  900.00    -105.6541200980455
  910.00    -105.6548163045552
  920.00    -105.6555166058866
  930.00    -105.6562209592388
  940.00    -105.6569293226782
  950.00    -105.6576416551134
  960.00    -105.6583579162698
  970.00    -105.6590780666669
  980.00    -105.6598020675949
  990.00    -105.6605298810930
 1000.00    -105.6612614699284
 1010.00    -105.6619967975759
 1020.00    -105.6627358281981
 1030.00    -105.6634785266270
 1040.00    -105.6642248583451
 1050.00    -105.6649747894682
 1060.00    -105.6657282867287
 1070.00    -105.6664853174585
 1080.00    -105.6672458495739
 1090.00    -105.6680098515599
 1100.00    -105.6687772924554
 1110.00    -105.6695481418394
 1120.00    -105.6703223698167
 1130.00    -105.6710999470049
 1140.00    -105.6718808445213
 1150.00    -105.6726650339707
 1160.00    -105.6734524874331
 1170.00    -105.6742431774521
 1180.00    -105.6750370770235
 1190.00    -105.6758341595848
 1200.00    -105.6766343990040
 1210.00    -105.6774377695696
 1220.00    -105.6782442459809
 1230.00    -105.6790538033379
 1240.00    -105.6798664171325
 1250.00    -105.6806820632387
 1260.00    -105.6815007179047
 1270.00    -105.6823223577436
 1280.00    -105.6831469597258
 1290.00    -105.6839745011702
 1300.00    -105.6848049597373
 1310.00    -105.6856383134211
 1320.00    -105.6864745405415
 1330.00    -105.6873136197381
 1340.00    -105.6881555299623
 1350.00    -105.6890002504712
 1360.00    -105.6898477608207
 1370.00    -105.6906980408594
 1380.00    -105.6915510707222
 1390.00    -105.6924068308246
 1400.00    -105.6932653018565
 1410.00    -105.6941264647767
 1420.00    -105.6949903008075
 1430.00    -105.6958567914290
 1440.00    -105.6967259183741
 1450.00    -105.6975976636234
 1460.00    -105.6984720094002
 1470.00    -105.6993489381656
 1480.00    -105.7002284326138
 1490.00    -105.7011104756678
 1500.00    -105.7019950504745
 1510.00    -105.7028821404006
 1520.00    -105.7037717290284
 1530.00    -105.7046638001515
 1540.00    -105.7055583377710
 1550.00    -105.7064553260912
 1560.00    -105.7073547495164
 1570.00    -105.7082565926465
 1580.00    -105.7091608402736
 1590.00    -105.7100674773787
 1600.00    -105.7109764891278
 1610.00    -105.7118878608690
 1620.00    -105.7128015781287
 1630.00    -105.7137176266087
 1640.00    -105.7146359921831
 1650.00    -105.7155566608949
 1660.00    -105.7164796189533
 1670.00    -105.7174048527306
 1680.00    -105.7183323487595
 1690.00    -105.7192620937303
 1700.00    -105.7201940744879
 1710.00    -105.7211282780294
 1720.00    -105.7220646915013
 1730.00    -105.7230033021973
 1740.00    -105.7239440975554
 1750.00    -105.7248870651556
 1760.00    -105.7258321927177
 1770.00    -105.7267794680987
 1780.00    -105.7277288792907
 1790.00    -105.7286804144185
 1800.00    -105.7296340617378
 1810.00    -105.7305898096325
 1820.00    -105.7315476466132
 1830.00    -105.7325075613145
 1840.00    -105.7334695424939
 1850.00    -105.7344335790288
 1860.00    -105.7353996599154
 1870.00    -105.7363677742665
 1880.00    -105.7373379113096
 1890.00    -105.7383100603853
 1900.00    -105.7392842109455
 1910.00    -105.7402603525513
 1920.00    -105.7412384748720
 1930.00    -105.7422185676829
 1940.00    -105.7432006208638
 1950.00    -105.7441846243976
 1960.00    -105.7451705683684
 1970.00    -105.7461584429605
 1980.00    -105.7471482384562
 1990.00    -105.7481399452350
 2000.00    -105.7491335537719
# V= 176.4800000000000
    0.00    -105.6183008507010
    0.00    -105.6183008507010
   20.00    -105.6183009848657
   30.00    -105.6183015985279
   40.00    -105.6183034582278
   50.00    -105.6183078488490
   60.00    -105.6183164299487
   70.00    -105.6183309914767
   80.00    -105.6183532549148
   90.00    -105.6183847493966
  100.00    -105.6184267532285
  110.00    -105.6184802820220
  120.00    -105.6185461047979
  130.00    -105.6186247737238
  140.00    -105.6187166581979
  150.00    -105.6188219780485
  160.00    -105.6189408333446
  170.00    -105.6190732299234
  180.00    -105.6192191006091
  190.00    -105.6193783225051
  200.00    -105.6195507308969
  210.00    -105.6197361303194
  220.00    -105.6199343033022
  230.00    -105.6201450172381
  240.00    -105.6203680297478
  250.00    -105.6206030928464
  260.00    -105.6208499561616
  270.00    -105.6211083694000
  280.00    -105.6213780842227
  290.00    -105.6216588556532
  300.00    -105.6219504431195
  310.00    -105.6222526112084
  320.00    -105.6225651301949
  330.00    -105.6228877763945
  340.00    -105.6232203323801
  350.00    -105.6235625870914
  360.00    -105.6239143358632
  370.00    -105.6242753803909
  380.00    -105.6246455286489
  390.00    -105.6250245947731
  400.00    -105.6254123989181
  410.00    -105.6258087670959
  420.00    -105.6262135310020
  430.00    -105.6266265278333
  440.00    -105.6270476001024
  450.00    -105.6274765954495
  460.00    -105.6279133664555
  470.00    -105.6283577704566
  480.00    -105.6288096693637
  490.00    -105.6292689294841
  500.00    -105.6297354213502
  510.00    -105.6302090195524
  520.00    -105.6306896025783
  530.00    -105.6311770526572
  540.00    -105.6316712556114
  550.00    -105.6321721007129
  560.00    -105.6326794805458
  570.00    -105.6331932908753
  580.00    -105.6337134305216
  590.00    -105.6342398012396
  600.00    -105.6347723076036
  610.00    -105.6353108568979
  620.00    -105.6358553590111
  630.00    -105.6364057263364
  640.00    -105.6369618736756
  650.00    -105.6375237181475
  660.00    -105.6380911791006
  670.00    -105.6386641780299
  680.00    -105.6392426384973
  690.00    -105.6398264860549
  700.00    -105.6404156481734
  710.00    -105.6410100541714
  720.00    -105.6416096351504
  730.00    -105.6422143239302
  740.00    -105.6428240549890
  750.00    -105.6434387644051
  760.00    -105.6440583898016
  770.00    -105.6446828702934
  780.00    -105.6453121464359
  790.00    -105.6459461601772
  800.00    -105.6465848548107
  810.00    -105.6472281749312
  820.00    -105.6478760663917
  830.00    -105.6485284762626
  840.00    -105.6491853527923
  850.00    -105.6498466453698
  860.00    -105.6505123044883
  870.00    -105.6511822817105
  880.00    -105.6518565296355
  890.00    -105.6525350018667
  900.00    -105.6532176529809
  910.00    -105.6539044384991
  920.00    -105.6545953148579
  930.00    -105.6552902393825
  940.00    -105.6559891702598
  950.00    -105.6566920665141
  960.00    -105.6573988879819
  970.00    -105.6581095952891
  980.00    -105.6588241498282
  990.00    -105.6595425137367
 1000.00    -105.6602646498762
 1010.00    -105.6609905218122
 1020.00    -105.6617200937946
 1030.00    -105.6624533307391
 1040.00    -105.6631901982091
 1050.00    -105.6639306623984
 1060.00    -105.6646746901138
 1070.00    -105.6654222487596
 1080.00    -105.6661733063215
 1090.00    -105.6669278313516
 1100.00    -105.6676857929533
 1110.00    -105.6684471607679
 1120.00    -105.6692119049605
 1130.00    -105.6699799962065
 1140.00    -105.6707514056794
 1150.00    -105.6715261050380
 1160.00    -105.6723040664147
 1170.00    -105.6730852624034
 1180.00    -105.6738696660491
 1190.00    -105.6746572508361
 1200.00    -105.6754479906783
 1210.00    -105.6762418599084
 1220.00    -105.6770388332683
 1230.00    -105.6778388858995
 1240.00    -105.6786419933339
 1250.00    -105.6794481314844
 1260.00    -105.6802572766366
 1270.00    -105.6810694054403
 1280.00    -105.6818844949008
 1290.00    -105.6827025223716
 1300.00    -105.6835234655461
 1310.00    -105.6843473024505
 1320.00    -105.6851740114361
 1330.00    -105.6860035711727
 1340.00    -105.6868359606410
 1350.00    -105.6876711591266
 1360.00    -105.6885091462133
 1370.00    -105.6893499017764
 1380.00    -105.6901934059771
 1390.00    -105.6910396392561
 1400.00    -105.6918885823281
 1410.00    -105.6927402161759
 1420.00    -105.6935945220450
 1430.00    -105.6944514814382
 1440.00    -105.6953110761104
 1450.00    -105.6961732880638
 1460.00    -105.6970380995424
 1470.00    -105.6979054930276
 1480.00    -105.6987754512335
 1490.00    -105.6996479571021
 1500.00    -105.7005229937991
 1510.00    -105.7014005447095
 1520.00    -105.7022805934333
 1530.00    -105.7031631237815
 1540.00    -105.7040481197719
 1550.00    -105.7049355656253
 1560.00    -105.7058254457619
 1570.00    -105.7067177447972
 1580.00    -105.7076124475387
 1590.00    -105.7085095389820
 1600.00    -105.7094090043077
 1610.00    -105.7103108288779
 1620.00    -105.7112149982328
 1630.00    -105.7121214980876
 1640.00    -105.7130303143295
 1650.00    -105.7139414330144
 1660.00    -105.7148548403637
 1670.00    -105.7157705227622
 1680.00    -105.7166884667543
 1690.00    -105.7176086590420
 1700.00    -105.7185310864814
 1710.00    -105.7194557360807
 1720.00    -105.7203825949974
 1730.00    -105.7213116505357
 1740.00    -105.7222428901438
 1750.00    -105.7231763014119
 1760.00    -105.7241118720697
 1770.00    -105.7250495899838
 1780.00    -105.7259894431557
 1790.00    -105.7269314197195
 1800.00    -105.7278755079398
 1810.00    -105.7288216962095
 1820.00    -105.7297699730476
 1830.00    -105.7307203270974
 1840.00    -105.7316727471244
 1850.00    -105.7326272220143
 1860.00    -105.7335837407712
 1870.00    -105.7345422925154
 1880.00    -105.7355028664822
 1890.00    -105.7364654520196
 1900.00    -105.7374300385866
 1910.00    -105.7383966157516
 1920.00    -105.7393651731908
 1930.00    -105.7403357006863
 1940.00    -105.7413081881245
 1950.00    -105.7422826254950
 1960.00    -105.7432590028883
 1970.00    -105.7442373104948
 1980.00    -105.7452175386031
 1990.00    -105.7461996775988
 2000.00    -105.7471837179626
# V= 173.2885000000000
    0.00    -105.6175758032493
    0.00    -105.6175758032493
   20.00    -105.6175759303333
   30.00    -105.6175765069854
   40.00    -105.6175782393966
   50.00    -105.6175823141425
   60.00    -105.6175902781100
   70.00    -105.6176038173707
   80.00    -105.6176245740194
   90.00    -105.6176540286233
  100.00    -105.6176934399897
  110.00    -105.6177438272645
  120.00    -105.6178059790484
  130.00    -105.6178804769960
  140.00    -105.6179677252048
  150.00    -105.6180679801316
  160.00    -105.6181813782623
  170.00    -105.6183079603394
  180.00    -105.6184476918614
  190.00    -105.6186004800421
  200.00    -105.6187661876221
  210.00    -105.6189446439934
  220.00    -105.6191356540866
  230.00    -105.6193390054226
  240.00    -105.6195544736770
  250.00    -105.6197818270490
  260.00    -105.6200208296710
  270.00    -105.6202712442557
  280.00    -105.6205328341349
  290.00    -105.6208053648163
  300.00    -105.6210886051579
  310.00    -105.6213823282405
  320.00    -105.6216863120011
  330.00    -105.6220003396789
  340.00    -105.6223242001122
  350.00    -105.6226576879208
  360.00    -105.6230006035969
  370.00    -105.6233527535272
  380.00    -105.6237139499597
  390.00    -105.6240840109305
  400.00    -105.6244627601591
  410.00    -105.6248500269210
  420.00    -105.6252456459039
  430.00    -105.6256494570526
  440.00    -105.6260613054069
  450.00    -105.6264810409345
  460.00    -105.6269085183627
  470.00    -105.6273435970107
  480.00    -105.6277861406228
  490.00    -105.6282360172045
  500.00    -105.6286930988627
  510.00    -105.6291572616496
  520.00    -105.6296283854114
  530.00    -105.6301063536420
  540.00    -105.6305910533417
  550.00    -105.6310823748813
  560.00    -105.6315802118711
  570.00    -105.6320844610352
  580.00    -105.6325950220912
  590.00    -105.6331117976345
  600.00    -105.6336346930274
  610.00    -105.6341636162937
  620.00    -105.6346984780167
  630.00    -105.6352391912425
  640.00    -105.6357856713874
  650.00    -105.6363378361488
  660.00    -105.6368956054209
  670.00    -105.6374589012132
  680.00    -105.6380276475732
  690.00    -105.6386017705122
  700.00    -105.6391811979345
  710.00    -105.6397658595697
  720.00    -105.6403556869077
  730.00    -105.6409506131371
  740.00    -105.6415505730851
  750.00    -105.6421555031617
  760.00    -105.6427653413045
  770.00    -105.6433800269274
  780.00    -105.6439995008701
  790.00    -105.6446237053509
  800.00    -105.6452525839207
  810.00    -105.6458860814192
  820.00    -105.6465241439329
  830.00    -105.6471667187548
  840.00    -105.6478137543458
  850.00    -105.6484652002975
  860.00    -105.6491210072966
  870.00    -105.6497811270907
  880.00    -105.6504455124558
  890.00    -105.6511141171641
  900.00    -105.6517868959543
  910.00    -105.6524638045022
  920.00    -105.6531447993928
  930.00    -105.6538298380931
  940.00    -105.6545188789264
  950.00    -105.6552118810475
  960.00    -105.6559088044181
  970.00    -105.6566096097845
  980.00    -105.6573142586546
  990.00    -105.6580227132768
 1000.00    -105.6587349366191
 1010.00    -105.6594508923496
 1020.00    -105.6601705448166
 1030.00    -105.6608938590307
 1040.00    -105.6616208006464
 1050.00    -105.6623513359452
 1060.00    -105.6630854318187
 1070.00    -105.6638230557525
 1080.00    -105.6645641758107
 1090.00    -105.6653087606211
 1100.00    -105.6660567793602
 1110.00    -105.6668082017396
 1120.00    -105.6675629979922
 1130.00    -105.6683211388592
 1140.00    -105.6690825955772
 1150.00    -105.6698473398662
 1160.00    -105.6706153439176
 1170.00    -105.6713865803825
 1180.00    -105.6721610223609
 1190.00    -105.6729386433907
 1200.00    -105.6737194174371
 1210.00    -105.6745033188829
 1220.00    -105.6752903225183
 1230.00    -105.6760804035315
 1240.00    -105.6768735374996
 1250.00    -105.6776697003795
 1260.00    -105.6784688684992
 1270.00    -105.6792710185496
 1280.00    -105.6800761275760
 1290.00    -105.6808841729705
 1300.00    -105.6816951324641
 1310.00    -105.6825089841192
 1320.00    -105.6833257063225
 1330.00    -105.6841452777778
 1340.00    -105.6849676774993
 1350.00    -105.6857928848047
 1360.00    -105.6866208793091
 1370.00    -105.6874516409184
 1380.00    -105.6882851498231
 1390.00    -105.6891213864927
 1400.00    -105.6899603316698
 1410.00    -105.6908019663642
 1420.00    -105.6916462718478
 1430.00    -105.6924932296491
 1440.00    -105.6933428215479
 1450.00    -105.6941950295705
 1460.00    -105.6950498359846
 1470.00    -105.6959072232945
 1480.00    -105.6967671742367
 1490.00    -105.6976296717749
 1500.00    -105.6984946990960
 1510.00    -105.6993622396055
 1520.00    -105.7002322769235
 1530.00    -105.7011047948806
 1540.00    -105.7019797775136
 1550.00    -105.7028572090619
 1560.00    -105.7037370739639
 1570.00    -105.7046193568525
 1580.00    -105.7055040425526
 1590.00    -105.7063911160764
 1600.00    -105.7072805626210
 1610.00    -105.7081723675643
 1620.00    -105.7090665164622
 1630.00    -105.7099629950450
 1640.00    -105.7108617892146
 1650.00    -105.7117628850415
 1660.00    -105.7126662687612
 1670.00    -105.7135719267723
 1680.00    -105.7144798456325
 1690.00    -105.7153900120570
 1700.00    -105.7163024129148
 1710.00    -105.7172170352266
 1720.00    -105.7181338661621
 1730.00    -105.7190528930374
 1740.00    -105.7199741033126
 1750.00    -105.7208974845891
 1760.00    -105.7218230246078
 1770.00    -105.7227507112462
 1780.00    -105.7236805325166
 1790.00    -105.7246124765635
 1800.00    -105.7255465316616
 1810.00    -105.7264826862138
 1820.00    -105.7274209287489
 1830.00    -105.7283612479198
 1840.00    -105.7293036325012
 1850.00    -105.7302480713880
 1860.00    -105.7311945535932
 1870.00    -105.7321430682461
 1880.00    -105.7330936045903
 1890.00    -105.7340461519823
 1900.00    -105.7350006998892
 1910.00    -105.7359572378877
 1920.00    -105.7369157556616
 1930.00    -105.7378762430008
 1940.00    -105.7388386897994
 1950.00    -105.7398030860542
 1960.00    -105.7407694218630
 1970.00    -105.7417376874234
 1980.00    -105.7427078730310
 1990.00    -105.7436799690780
 2000.00    -105.7446539660520
# V= 170.3680000000000
    0.00    -105.6164208535779
    0.00    -105.6164208535779
   20.00    -105.6164209748218
   30.00    -105.6164215215094
   40.00    -105.6164231516048
   50.00    -105.6164269714803
   60.00    -105.6164344339184
   70.00    -105.6164471351795
   80.00    -105.6164666449523
   90.00    -105.6164943955190
  100.00    -105.6165316217895
  110.00    -105.6165793395287
  120.00    -105.6166383491143
  130.00    -105.6167092539983
  140.00    -105.6167924859188
  150.00    -105.6168883317409
  160.00    -105.6169969590169
  170.00    -105.6171184388575
  180.00    -105.6172527656196
  190.00    -105.6173998734290
  200.00    -105.6175596498044
  210.00    -105.6177319467537
  220.00    -105.6179165897264
  230.00    -105.6181133847877
  240.00    -105.6183221243315
  250.00    -105.6185425916072
  260.00    -105.6187745642879
  270.00    -105.6190178172682
  280.00    -105.6192721248439
  290.00    -105.6195372623981
  300.00    -105.6198130076922
  310.00    -105.6200991418441
  320.00    -105.6203954500548
  330.00    -105.6207017221383
  340.00    -105.6210177528928
  350.00    -105.6213433423486
  360.00    -105.6216782959176
  370.00    -105.6220224244662
  380.00    -105.6223755443287
  390.00    -105.6227374772738
  400.00    -105.6231080504358
  410.00    -105.6234870962194
  420.00    -105.6238744521838
  430.00    -105.6242699609126
  440.00    -105.6246734698740
  450.00    -105.6250848312740
  460.00    -105.6255039019055
  470.00    -105.6259305429968
  480.00    -105.6263646200582
  490.00    -105.6268060027320
  500.00    -105.6272545646433
  510.00    -105.6277101832543
  520.00    -105.6281727397227
  530.00    -105.6286421187631
  540.00    -105.6291182085137
  550.00    -105.6296009004070
  560.00    -105.6300900890447
  570.00    -105.6305856720785
  580.00    -105.6310875500936
  590.00    -105.6315956264984
  600.00    -105.6321098074180
  610.00    -105.6326300015917
  620.00    -105.6331561202754
  630.00    -105.6336880771475
  640.00    -105.6342257882194
  650.00    -105.6347691717494
  660.00    -105.6353181481599
  670.00    -105.6358726399592
  680.00    -105.6364325716656
  690.00    -105.6369978697355
  700.00    -105.6375684624940
  710.00    -105.6381442800688
  720.00    -105.6387252543271
  730.00    -105.6393113188145
  740.00    -105.6399024086976
  750.00    -105.6404984607077
  760.00    -105.6410994130881
  770.00    -105.6417052055425
  780.00    -105.6423157791868
  790.00    -105.6429310765017
  800.00    -105.6435510412879
  810.00    -105.6441756186231
  820.00    -105.6448047548205
  830.00    -105.6454383973895
  840.00    -105.6460764949970
  850.00    -105.6467189974317
  860.00    -105.6473658555682
  870.00    -105.6480170213340
  880.00    -105.6486724476766
  890.00    -105.6493320885326
  900.00    -105.6499958987979
  910.00    -105.6506638342987
  920.00    -105.6513358517642
  930.00    -105.6520119087995
  940.00    -105.6526919638602
  950.00    -105.6533759762281
  960.00    -105.6540639059868
  970.00    -105.6547557139994
  980.00    -105.6554513618860
  990.00    -105.6561508120030
 1000.00    -105.6568540274221
 1010.00    -105.6575609719107
 1020.00    -105.6582716099132
 1030.00    -105.6589859065323
 1040.00    -105.6597038275111
 1050.00    -105.6604253392165
 1060.00    -105.6611504086225
 1070.00    -105.6618790032938
 1080.00    -105.6626110913709
 1090.00    -105.6633466415553
 1100.00    -105.6640856230943
 1110.00    -105.6648280057682
 1120.00    -105.6655737598759
 1130.00    -105.6663228562223
 1140.00    -105.6670752661057
 1150.00    -105.6678309613056
 1160.00    -105.6685899140708
 1170.00    -105.6693520971081
 1180.00    -105.6701174835710
 1190.00    -105.6708860470493
 1200.00    -105.6716577615587
 1210.00    -105.6724326015303
 1220.00    -105.6732105418015
 1230.00    -105.6739915576059
 1240.00    -105.6747756245648
 1250.00    -105.6755627186777
 1260.00    -105.6763528163139
 1270.00    -105.6771458942044
 1280.00    -105.6779419294334
 1290.00    -105.6787408994306
 1300.00    -105.6795427819634
 1310.00    -105.6803475551298
 1320.00    -105.6811551973506
 1330.00    -105.6819656873632
 1340.00    -105.6827790042140
 1350.00    -105.6835951272521
 1360.00    -105.6844140361232
 1370.00    -105.6852357107625
 1380.00    -105.6860601313896
 1390.00    -105.6868872785018
 1400.00    -105.6877171328689
 1410.00    -105.6885496755271
 1420.00    -105.6893848877739
 1430.00    -105.6902227511628
 1440.00    -105.6910632474978
 1450.00    -105.6919063588289
 1460.00    -105.6927520674467
 1470.00    -105.6936003558780
 1480.00    -105.6944512068807
 1490.00    -105.6953046034400
 1500.00    -105.6961605287633
 1510.00    -105.6970189662761
 1520.00    -105.6978798996183
 1530.00    -105.6987433126392
 1540.00    -105.6996091893944
 1550.00    -105.7004775141414
 1560.00    -105.7013482713360
 1570.00    -105.7022214456285
 1580.00    -105.7030970218603
 1590.00    -105.7039749850603
 1600.00    -105.7048553204412
 1610.00    -105.7057380133965
 1620.00    -105.7066230494974
 1630.00    -105.7075104144888
 1640.00    -105.7084000942872
 1650.00    -105.7092920749770
 1660.00    -105.7101863428077
 1670.00    -105.7110828841909
 1680.00    -105.7119816856979
 1690.00    -105.7128827340563
 1700.00    -105.7137860161478
 1710.00    -105.7146915190052
 1720.00    -105.7155992298102
 1730.00    -105.7165091358906
 1740.00    -105.7174212247176
 1750.00    -105.7183354839041
 1760.00    -105.7192519012017
 1770.00    -105.7201704644986
 1780.00    -105.7210911618173
 1790.00    -105.7220139813127
 1800.00    -105.7229389112693
 1810.00    -105.7238659400998
 1820.00    -105.7247950563424
 1830.00    -105.7257262486594
 1840.00    -105.7266595058346
 1850.00    -105.7275948167718
 1860.00    -105.7285321704927
 1870.00    -105.7294715561351
 1880.00    -105.7304129629510
 1890.00    -105.7313563803051
 1900.00    -105.7323017976725
 1910.00    -105.7332492046376
 1920.00    -105.7341985908920
 1930.00    -105.7351499462331
 1940.00    -105.7361032605624
 1950.00    -105.7370585238838
 1960.00    -105.7380157263024
 1970.00    -105.7389748580225
 1980.00    -105.7399359093465
 1990.00    -105.7408988706734
 2000.00    -105.7418637324972
# V= 167.7103000000000
    0.00    -105.6149122566516
    0.00    -105.6149122566516
   20.00    -105.6149123731316
   30.00    -105.6149128957194
   40.00    -105.6149144439478
   50.00    -105.6149180589478
   60.00    -105.6149251153168
   70.00    -105.6149371325623
   80.00    -105.6149556157579
   90.00    -105.6149819511444
  100.00    -105.6150173476519
  110.00    -105.6150628128978
  120.00    -105.6151191529818
  130.00    -105.6151869867696
  140.00    -105.6152667674951
  150.00    -105.6153588068105
  160.00    -105.6154632983479
  170.00    -105.6155803392434
  180.00    -105.6157099489722
  190.00    -105.6158520853708
  200.00    -105.6160066580046
  210.00    -105.6161735391673
  220.00    -105.6163525728405
  230.00    -105.6165435819351
  240.00    -105.6167463741078
  250.00    -105.6169607464079
  260.00    -105.6171864889714
  270.00    -105.6174233879428
  280.00    -105.6176712277732
  290.00    -105.6179297930167
  300.00    -105.6181988697230
  310.00    -105.6184782465073
  320.00    -105.6187677153601
  330.00    -105.6190670722514
  340.00    -105.6193761175683
  350.00    -105.6196946564223
  360.00    -105.6200224988515
  370.00    -105.6203594599404
  380.00    -105.6207053598744
  390.00    -105.6210600239442
  400.00    -105.6214232825094
  410.00    -105.6217949709322
  420.00    -105.6221749294882
  430.00    -105.6225630032595
  440.00    -105.6229590420151
  450.00    -105.6233629000827
  460.00    -105.6237744362149
  470.00    -105.6241935134515
  480.00    -105.6246199989806
  490.00    -105.6250537639992
  500.00    -105.6254946835758
  510.00    -105.6259426365136
  520.00    -105.6263975052177
  530.00    -105.6268591755649
  540.00    -105.6273275367768
  550.00    -105.6278024812968
  560.00    -105.6282839046719
  570.00    -105.6287717054371
  580.00    -105.6292657850052
  590.00    -105.6297660475601
  600.00    -105.6302723999541
  610.00    -105.6307847516095
  620.00    -105.6313030144238
  630.00    -105.6318271026794
  640.00    -105.6323569329558
  650.00    -105.6328924240465
  660.00    -105.6334334968792
  670.00    -105.6339800744383
  680.00    -105.6345320816923
  690.00    -105.6350894455226
  700.00    -105.6356520946567
  710.00    -105.6362199596030
  720.00    -105.6367929725892
  730.00    -105.6373710675029
  740.00    -105.6379541798346
  750.00    -105.6385422466235
  760.00    -105.6391352064049
  770.00    -105.6397329991605
  780.00    -105.6403355662699
  790.00    -105.6409428504651
  800.00    -105.6415547957860
  810.00    -105.6421713475379
  820.00    -105.6427924522515
  830.00    -105.6434180576427
  840.00    -105.6440481125765
  850.00    -105.6446825670297
  860.00    -105.6453213720573
  870.00    -105.6459644797586
  880.00    -105.6466118432459
  890.00    -105.6472634166130
  900.00    -105.6479191549065
  910.00    -105.6485790140968
  920.00    -105.6492429510510
  930.00    -105.6499109235067
  940.00    -105.6505828900465
  950.00    -105.6512588100735
  960.00    -105.6519386437884
  970.00    -105.6526223521662
  980.00    -105.6533098969348
  990.00    -105.6540012405536
 1000.00    -105.6546963461939
 1010.00    -105.6553951777187
 1020.00    -105.6560976996641
 1030.00    -105.6568038772211
 1040.00    -105.6575136762182
 1050.00    -105.6582270631039
 1060.00    -105.6589440049310
 1070.00    -105.6596644693404
 1080.00    -105.6603884245459
 1090.00    -105.6611158393193
 1100.00    -105.6618466829763
 1110.00    -105.6625809253626
 1120.00    -105.6633185368407
 1130.00    -105.6640594882767
 1140.00    -105.6648037510280
 1150.00    -105.6655512969310
 1160.00    -105.6663020982898
 1170.00    -105.6670561278643
 1180.00    -105.6678133588598
 1190.00    -105.6685737649157
 1200.00    -105.6693373200960
 1210.00    -105.6701039988784
 1220.00    -105.6708737761453
 1230.00    -105.6716466271742
 1240.00    -105.6724225276285
 1250.00    -105.6732014535486
 1260.00    -105.6739833813438
 1270.00    -105.6747682877833
 1280.00    -105.6755561499886
 1290.00    -105.6763469454256
 1300.00    -105.6771406518966
 1310.00    -105.6779372475337
 1320.00    -105.6787367107907
 1330.00    -105.6795390204369
 1340.00    -105.6803441555497
 1350.00    -105.6811520955085
 1360.00    -105.6819628199880
 1370.00    -105.6827763089522
 1380.00    -105.6835925426480
 1390.00    -105.6844115015998
 1400.00    -105.6852331666031
 1410.00    -105.6860575187197
 1420.00    -105.6868845392717
 1430.00    -105.6877142098365
 1440.00    -105.6885465122416
 1450.00    -105.6893814285593
 1460.00    -105.6902189411026
 1470.00    -105.6910590324194
 1480.00    -105.6919016852889
 1490.00    -105.6927468827163
 1500.00    -105.6935946079288
 1510.00    -105.6944448443715
 1520.00    -105.6952975757027
 1530.00    -105.6961527857902
 1540.00    -105.6970104587074
 1550.00    -105.6978705787290
 1560.00    -105.6987331303279
 1570.00    -105.6995980981708
 1580.00    -105.7004654671153
 1590.00    -105.7013352222058
 1600.00    -105.7022073486704
 1610.00    -105.7030818319176
 1620.00    -105.7039586575330
 1630.00    -105.7048378112758
 1640.00    -105.7057192790763
 1650.00    -105.7066030470324
 1660.00    -105.7074891014068
 1670.00    -105.7083774286241
 1680.00    -105.7092680152681
 1690.00    -105.7101608480786
 1700.00    -105.7110559139495
 1710.00    -105.7119531999252
 1720.00    -105.7128526931989
 1730.00    -105.7137543811095
 1740.00    -105.7146582511392
 1750.00    -105.7155642909116
 1760.00    -105.7164724881887
 1770.00    -105.7173828308690
 1780.00    -105.7182953069849
 1790.00    -105.7192099047010
 1800.00    -105.7201266123115
 1810.00    -105.7210454182383
 1820.00    -105.7219663110290
 1830.00    -105.7228892793544
 1840.00    -105.7238143120074
 1850.00    -105.7247413979003
 1860.00    -105.7256705260630
 1870.00    -105.7266016856417
 1880.00    -105.7275348658963
 1890.00    -105.7284700561993
 1900.00    -105.7294072460336
 1910.00    -105.7303464249912
 1920.00    -105.7312875827709
 1930.00    -105.7322307091775
 1940.00    -105.7331757941194
 1950.00    -105.7341228276075
 1960.00    -105.7350717997537
 1970.00    -105.7360227007690
 1980.00    -105.7369755209622
 1990.00    -105.7379302507387
 2000.00    -105.7388868805989
# V= 164.6258000000000
    0.00    -105.6125902359197
    0.00    -105.6125902359197
   20.00    -105.6125903474216
   30.00    -105.6125908451397
   40.00    -105.6125923093174
   50.00    -105.6125957129794
   60.00    -105.6126023475004
   70.00    -105.6126136488144
   80.00    -105.6126310490726
   90.00    -105.6126558796338
  100.00    -105.6126893153350
  110.00    -105.6127323491934
  120.00    -105.6127857886303
  130.00    -105.6128502655292
  140.00    -105.6129262539359
  150.00    -105.6130140909411
  160.00    -105.6131139978717
  170.00    -105.6132261001488
  180.00    -105.6133504450172
  190.00    -105.6134870168766
  200.00    -105.6136357502549
  210.00    -105.6137965406165
  220.00    -105.6139692532651
  230.00    -105.6141537306146
  240.00    -105.6143497980863
  250.00    -105.6145572688660
  260.00    -105.6147759477221
  270.00    -105.6150056340539
  280.00    -105.6152461243158
  290.00    -105.6154972139324
  300.00    -105.6157586988021
  310.00    -105.6160303764690
  320.00    -105.6163120470265
  330.00    -105.6166035138045
  340.00    -105.6169045838838
  350.00    -105.6172150684707
  360.00    -105.6175347831599
  370.00    -105.6178635481089
  380.00    -105.6182011881406
  390.00    -105.6185475327911
  400.00    -105.6189024163115
  410.00    -105.6192656776367
  420.00    -105.6196371603257
  430.00    -105.6200167124830
  440.00    -105.6204041866633
  450.00    -105.6207994397651
  460.00    -105.6212023329165
  470.00    -105.6216127313551
  480.00    -105.6220305043050
  490.00    -105.6224555248519
  500.00    -105.6228876698174
  510.00    -105.6233268196352
  520.00    -105.6237728582278
  530.00    -105.6242256728854
  540.00    -105.6246851541482
  550.00    -105.6251511956912
  560.00    -105.6256236942120
  570.00    -105.6261025493224
  580.00    -105.6265876634438
  590.00    -105.6270789417053
  600.00    -105.6275762918463
  610.00    -105.6280796241221
  620.00    -105.6285888512136
  630.00    -105.6291038881397
  640.00    -105.6296246521737
  650.00    -105.6301510627630
  660.00    -105.6306830414517
  670.00    -105.6312205118064
  680.00    -105.6317633993451
  690.00    -105.6323116314692
  700.00    -105.6328651373976
  710.00    -105.6334238481042
  720.00    -105.6339876962576
  730.00    -105.6345566161634
  740.00    -105.6351305437086
  750.00    -105.6357094163086
  760.00    -105.6362931728563
  770.00    -105.6368817536730
  780.00    -105.6374751004615
  790.00    -105.6380731562613
  800.00    -105.6386758654049
  810.00    -105.6392831734767
  820.00    -105.6398950272727
  830.00    -105.6405113747628
  840.00    -105.6411321650536
  850.00    -105.6417573483529
  860.00    -105.6423868759362
  870.00    -105.6430207001138
  880.00    -105.6436587741992
  890.00    -105.6443010524794
  900.00    -105.6449474901852
  910.00    -105.6455980434637
  920.00    -105.6462526693515
  930.00    -105.6469113257480
  940.00    -105.6475739713915
  950.00    -105.6482405658343
  960.00    -105.6489110694201
  970.00    -105.6495854432612
  980.00    -105.6502636492175
  990.00    -105.6509456498752
 1000.00    -105.6516314085274
 1010.00    -105.6523208891540
 1020.00    -105.6530140564040
 1030.00    -105.6537108755767
 1040.00    -105.6544113126047
 1050.00    -105.6551153340372
 1060.00    -105.6558229070237
 1070.00    -105.6565339992982
 1080.00    -105.6572485791644
 1090.00    -105.6579666154806
 1100.00    -105.6586880776462
 1110.00    -105.6594129355874
 1120.00    -105.6601411597444
 1130.00    -105.6608727210585
 1140.00    -105.6616075909594
 1150.00    -105.6623457413538
 1160.00    -105.6630871446132
 1170.00    -105.6638317735630
 1180.00    -105.6645796014718
 1190.00    -105.6653306020401
 1200.00    -105.6660847493908
 1210.00    -105.6668420180591
 1220.00    -105.6676023829827
 1230.00    -105.6683658194926
 1240.00    -105.6691323033042
 1250.00    -105.6699018105082
 1260.00    -105.6706743175625
 1270.00    -105.6714498012836
 1280.00    -105.6722282388386
 1290.00    -105.6730096077379
 1300.00    -105.6737938858268
 1310.00    -105.6745810512789
 1320.00    -105.6753710825888
 1330.00    -105.6761639585647
 1340.00    -105.6769596583225
 1350.00    -105.6777581612783
 1360.00    -105.6785594471430
 1370.00    -105.6793634959152
 1380.00    -105.6801702878759
 1390.00    -105.6809798035823
 1400.00    -105.6817920238621
 1410.00    -105.6826069298081
 1420.00    -105.6834245027726
 1430.00    -105.6842447243625
 1440.00    -105.6850675764338
 1450.00    -105.6858930410868
 1460.00    -105.6867211006614
 1470.00    -105.6875517377320
 1480.00    -105.6883849351032
 1490.00    -105.6892206758055
 1500.00    -105.6900589430903
 1510.00    -105.6908997204262
 1520.00    -105.6917429914946
 1530.00    -105.6925887401859
 1540.00    -105.6934369505953
 1550.00    -105.6942876070189
 1560.00    -105.6951406939502
 1570.00    -105.6959961960764
 1580.00    -105.6968540982746
 1590.00    -105.6977143856086
 1600.00    -105.6985770433253
 1610.00    -105.6994420568516
 1620.00    -105.7003094117906
 1630.00    -105.7011790939194
 1640.00    -105.7020510891851
 1650.00    -105.7029253837022
 1660.00    -105.7038019637497
 1670.00    -105.7046808157680
 1680.00    -105.7055619263562
 1690.00    -105.7064452822695
 1700.00    -105.7073308704163
 1710.00    -105.7082186778555
 1720.00    -105.7091086917943
 1730.00    -105.7100008995853
 1740.00    -105.7108952887244
 1750.00    -105.7117918468480
 1760.00    -105.7126905617311
 1770.00    -105.7135914212847
 1780.00    -105.7144944135536
 1790.00    -105.7153995267142
 1800.00    -105.7163067490726
 1810.00    -105.7172160690621
 1820.00    -105.7181274752413
 1830.00    -105.7190409562925
 1840.00    -105.7199565010188
 1850.00    -105.7208740983433
 1860.00    -105.7217937373062
 1870.00    -105.7227154070635
 1880.00    -105.7236390968853
 1890.00    -105.7245647961536
 1900.00    -105.7254924943609
 1910.00    -105.7264221811080
 1920.00    -105.7273538461033
 1930.00    -105.7282874791601
 1940.00    -105.7292230701957
 1950.00    -105.7301606092295
 1960.00    -105.7311000863816
 1970.00    -105.7320414918712
 1980.00    -105.7329848160153
 1990.00    -105.7339300492271
 2000.00    -105.7348771820144
