  0.0000000000000000000000       0.0000053980801631127614       0.0000000000000000000000
  0.7500000000000000000000       0.0000482196666856955211       0.0000000204909812332953
  1.5000000000000000000000       0.0001537103691066750650       0.0000003212823350460705
  2.2500000000000000000000       0.0002964875640093720386       0.0000021782103308754854
  3.0000000000000000000000       0.0004235846696701580467       0.0000025842763916264575
  3.7500000000000000000000       0.0005362478729949961753       0.0000036532450145474700
  4.5000000000000000000000       0.0006471799007670479787       0.0000044877066827277323
  5.2500000000000000000000       0.0007623621090333118286       0.0000061962177810336332
  6.0000000000000000000000       0.0008938157722503556292       0.0000076624900288577917
  6.7500000000000000000000       0.0010310683770054646091       0.0000091365449712892824
  7.5000000000000000000000       0.0011674685474824544017       0.0000116618324355231283
  8.2500000000000000000000       0.0012977922351010556801       0.0000134678275984631690
  9.0000000000000000000000       0.0014386982400594124261       0.0000150202394556680662
  9.7500000000000000000000       0.0016022146443656522241       0.0000193274816005466939
 10.5000000000000000000000       0.0017725472450051545873       0.0000201416682377907981
 11.2500000000000000000000       0.0019773375667184573366       0.0000249180915334264489
 12.0000000000000000000000       0.0022285073399270103819       0.0000269112394584055244
 12.7500000000000000000000       0.0025373715736394281302       0.0000336610272411178580
 13.5000000000000000000000       0.0028339446970788925717       0.0000387194803548427890
 14.2500000000000000000000       0.0030512088992549176239       0.0000426523894838297952
 15.0000000000000000000000       0.0032514566251254767813       0.0000470730887797860212
 15.7500000000000000000000       0.0033803162427983417249       0.0000566696823356661615
 16.5000000000000000000000       0.0034046509384253191739       0.0000623426316455665740
 17.2500000000000000000000       0.0033731741018957670485       0.0000761182107897696506
 18.0000000000000000000000       0.0033219632673467673796       0.0000757404816633418238
 18.7500000000000000000000       0.0033321391164334085086       0.0000875192680938965023
 19.5000000000000000000000       0.0033039865965151949539       0.0000847638095936777028
 20.2500000000000000000000       0.0032235769041528681590       0.0000935414880003152650
 21.0000000000000000000000       0.0032032976795773244506       0.0000918392615639234739
 21.7500000000000000000000       0.0031895257596792521426       0.0001056842155856547831
 22.5000000000000000000000       0.0031540939229328037070       0.0000465877240020765794
 23.2500000000000000000000       0.0031322618785878816004       0.0000529643450941495148
 24.0000000000000000000000       0.0031464379568064411268       0.0000586517491197889040
 24.7500000000000000000000       0.0031786180963067419032       0.0000564031024152891622
 25.5000000000000000000000       0.0032218947611995091274       0.0000540610048864108726
 26.2500000000000000000000       0.0032707196887885106595       0.0000717160584240363226
 27.0000000000000000000000       0.0033103374470761204838       0.0000858125504948491929
 27.7500000000000000000000       0.0033453516207130329363       0.0000722424395627507311
 28.5000000000000000000000       0.0033888029587208243036       0.0000554449846742186543
 29.2500000000000000000000       0.0034364728789140538273       0.0000559449001120316069
 30.0000000000000000000000       0.0034968644122177080201       0.0000564403877694514788
 30.7500000000000000000000       0.0035636167520765767158       0.0000606163368547512228
 31.5000000000000000000000       0.0036099002596147273733       0.0000645225791162388129
 32.2500000000000000000000       0.0036459493509925196622       0.0000698783584959623106
 33.0000000000000000000000       0.0036472487322509882131       0.0000748518988160564596
 33.7500000000000000000000       0.0036311732584497920760       0.0000780402123195351137
 34.5000000000000000000000       0.0036465329350762595503       0.0000811032842823710125
 35.2500000000000000000000       0.0036776101869165577461       0.0000796449526515389112
 36.0000000000000000000000       0.0037675722695206092377       0.0000781594155834385880
 36.7500000000000000000000       0.0038869767675065399794       0.0000738965402887728533
 37.5000000000000000000000       0.0040015603904946239755       0.0000693722068912024114
 38.2500000000000000000000       0.0041137335759837828641       0.0000781443344299722974
 39.0000000000000000000000       0.0041653390266996230887       0.0000860265710001911191
 39.7500000000000000000000       0.0041866606100288070169       0.0000789312504253745904
 40.5000000000000000000000       0.0041349490833555062677       0.0000711316643231090629
 41.2500000000000000000000       0.0040467210016809640472       0.0000780261431203981432
 42.0000000000000000000000       0.0039532747183948328817       0.0000843590205675376597
 42.7500000000000000000000       0.0038572193343029063765       0.0000791225689040617099
 43.5000000000000000000000       0.0038718949322587318737       0.0000735140630685159735
 44.2500000000000000000000       0.0039419360212384329384       0.0001004765851949066435
 45.0000000000000000000000       0.0040848041809946472602       0.0001216008670857939272
 45.7500000000000000000000       0.0042640858761391203791       0.0001024866249073073184
 46.5000000000000000000000       0.0043875397193401440704       0.0000788685342437989709
 47.2500000000000000000000       0.0044830796365694456501       0.0000783456222505379303
 48.0000000000000000000000       0.0045430581259610809675       0.0000778191965898047733
 48.7500000000000000000000       0.0045852559014338840210       0.0000815767322468011912
 49.5000000000000000000000       0.0046653806033406285472       0.0000851686511003309807
 50.2500000000000000000000       0.0047644687684643459782       0.0000886517140740916205
 51.0000000000000000000000       0.0049072173591419594035       0.0000920030091154581508
 51.7500000000000000000000       0.0050717961625965221270       0.0000885175035644590044
 52.5000000000000000000000       0.0052157594449885992874       0.0000848890051082526676
 53.2500000000000000000000       0.0053494149668494323652       0.0000860929837068367878
 54.0000000000000000000000       0.0054711506906202928696       0.0000872803557441328325
 54.7500000000000000000000       0.0055869265153461683884       0.0000996267057043644365
 55.5000000000000000000000       0.0057725028750043750475       0.0001106033475089507041
 56.2500000000000000000000       0.0059929795021287472767       0.0001084858271821805556
 57.0000000000000000000000       0.0062278908488799774104       0.0001063261440973864192
 57.7500000000000000000000       0.0064700195554446351953       0.0000966169390111212037
 58.5000000000000000000000       0.0064676079375448267128       0.0000858161808118914802
 59.2500000000000000000000       0.0063429261574127872650       0.0000984634154008213753
 60.0000000000000000000000       0.0059488516044343539221       0.0001096616225288052853
 60.7500000000000000000000       0.0054200806650327231981       0.0001015738585341745232
 61.5000000000000000000000       0.0049293319290694996224       0.0000927837594592438206
 62.2500000000000000000000       0.0044575942948254813555       0.0000941453150941196608
 63.0000000000000000000000       0.0042302496540509177542       0.0000954874582809246860
 63.7500000000000000000000       0.0041251015100110793171       0.0000924532903774524746
 64.5000000000000000000000       0.0040817050854438565594       0.0000893161078097549080
 65.2500000000000000000000       0.0040691845206129399065       0.0001219438290405938056
 66.0000000000000000000000       0.0039999211561477215210       0.0001475236515541808241
 66.7500000000000000000000       0.0039022863918653514018       0.0001223206167960139026
 67.5000000000000000000000       0.0039641948565039501068       0.0000903406819701688054
 68.2500000000000000000000       0.0041058749356030280198       0.0000944247000351768149
 69.0000000000000000000000       0.0043164189585116708933       0.0000983392553085035812
 69.7500000000000000000000       0.0045613949533250932114       0.0001019272808767540401
 70.5000000000000000000000       0.0048574535312703092868       0.0001053932257748398625
 71.2500000000000000000000       0.0051790534007814213735       0.0001001673824699223154
 72.0000000000000000000000       0.0055687337193804165372       0.0000946534573194505004
 72.7500000000000000000000       0.0059924542625233523721       0.0000992048690654966851
 73.5000000000000000000000       0.0063232472333127707348       0.0001035564344214286219
 74.2500000000000000000000       0.0066075764179254316624       0.0001115741470701932627
 75.0000000000000000000000       0.0072275066129759684558       0.0001190531204076675063
 75.7500000000000000000000       0.0080152373132454414473       0.0001124967975326215155
 76.5000000000000000000000       0.0086650599866349414108       0.0001055339444510091740
 77.2500000000000000000000       0.0092459286465844565950       0.0001145660643321771998
 78.0000000000000000000000       0.0093223291616364480083       0.0001229363768855274016
 78.7500000000000000000000       0.0091464956042396801383       0.0001190061649367548383
 79.5000000000000000000000       0.0088821079639184626064       0.0001149416452995508510
 80.2500000000000000000000       0.0085734432821350133047       0.0001218299154368456737
 81.0000000000000000000000       0.0083577424986466756357       0.0001283490349263684792
 81.7500000000000000000000       0.0081885236643058842421       0.0001352828611696819212
 82.5000000000000000000000       0.0079949501209054720657       0.0001418782234382032551
 83.2500000000000000000000       0.0077891992229752451612       0.0001305423988332667443
 84.0000000000000000000000       0.0076869527697665156543       0.0001181236872955912829
 84.7500000000000000000000       0.0076364585389185222694       0.0001145676087921345727
 85.5000000000000000000000       0.0075715814602596420019       0.0001108975584419627627
 86.2500000000000000000000       0.0074995129576953152573       0.0001209516663796950239
 87.0000000000000000000000       0.0073690982892084247111       0.0001302318806270628016
 87.7500000000000000000000       0.0072095105377602526978       0.0001235452642818593604
 88.5000000000000000000000       0.0071555066756485092086       0.0001164754133767612325
 89.2500000000000000000000       0.0071542947582049825836       0.0001176336303208072034
 90.0000000000000000000000       0.0072064660574888391234       0.0001187805541476265331
 90.7500000000000000000000       0.0072853289651363829088       0.0001162605462497224857
 91.5000000000000000000000       0.0073419012017251934765       0.0001136846919552076958
 92.2500000000000000000000       0.0073873281027846343996       0.0001345872800997580077
 93.0000000000000000000000       0.0073770958935452058888       0.0001526540623250850943
 93.7500000000000000000000       0.0073390341291563456969       0.0001596981188781364215
 94.5000000000000000000000       0.0072383515428383641763       0.0001664443318412489993
 95.2500000000000000000000       0.0071063585455558185219       0.0001672877363437348327
 96.0000000000000000000000       0.0071557548506768894545       0.0001681269099815436182
 96.7500000000000000000000       0.0072058572162881735432       0.0002011669348231996082
 97.5000000000000000000000       0.0072403204704331904085       0.0002294986132253979956
 98.2500000000000000000000       0.0072669641688450749631       0.0001978129883004052004
 99.0000000000000000000000       0.0072611641486919707017       0.0001599698196794997708
 99.7500000000000000000000       0.0072391422692563737670       0.0001962657041703021383
100.5000000000000000000000       0.0071751395421072484970       0.0002268261670500947176
101.2500000000000000000000       0.0070901463911013564573       0.0001966219832263770657
102.0000000000000000000000       0.0069661832834946642995       0.0001608424649062241570
102.7500000000000000000000       0.0068227351975875694806       0.0002036516107588320782
103.5000000000000000000000       0.0066531598506526972228       0.0002389093104343649400
104.2500000000000000000000       0.0064705208732039358119       0.0002133454846210128459
105.0000000000000000000000       0.0062786546189346446878       0.0001842686435727084631
105.7500000000000000000000       0.0060821747262550882734       0.0002084889034398528223
106.5000000000000000000000       0.0058825147316103453682       0.0002301745266335498475
107.2500000000000000000000       0.0056812646859830109522       0.0001956861362227023176
108.0000000000000000000000       0.0054762636462082573546       0.0001536418403578961869
108.7500000000000000000000       0.0052693871093597941663       0.0001921366485795345663
109.5000000000000000000000       0.0050589794029880352094       0.0002241141859548160284
110.2500000000000000000000       0.0048468061118546292357       0.0001901856212022988251
111.0000000000000000000000       0.0046363886446298624780       0.0001487076752491906396
111.7500000000000000000000       0.0044268490893594166294       0.0001858939392147135881
112.5000000000000000000000       0.0042323446606781674195       0.0002167928518090679905
113.2500000000000000000000       0.0040453577952915152280       0.0001863716346058142228
114.0000000000000000000000       0.0038902363002516790295       0.0001498987384062247085
114.7500000000000000000000       0.0037510474903852475750       0.0001848189370123737567
115.5000000000000000000000       0.0036530615320498724570       0.0002141178348036188069
116.2500000000000000000000       0.0035756769994800250735       0.0002046004420856108890
117.0000000000000000000000       0.0035333932358818172410       0.0001946181764950669058
117.7500000000000000000000       0.0035086598567694283167       0.0001977673269959979931
118.5000000000000000000000       0.0035008723979567286932       0.0002008671118725486053
119.2500000000000000000000       0.0035015578992938748044       0.0001868104739304696661
120.0000000000000000000000       0.0034993980995309177141       0.0001716062636043173936
120.7500000000000000000000       0.0034958156492179096736       0.0001905611205919316843
121.5000000000000000000000       0.0034748774127549286739       0.0002077940606809324702
122.2500000000000000000000       0.0034452612832169627125       0.0001776180410768343906
123.0000000000000000000000       0.0033941649067197286749       0.0001411310220244754927
123.7500000000000000000000       0.0033323284067428614666       0.0002267047976659577167
124.5000000000000000000000       0.0032568093094157684469       0.0002878752597773082166
125.2500000000000000000000       0.0031744489134135620879       0.0002268770177270994139
126.0000000000000000000000       0.0030948394435649051286       0.0001416834399414147651
126.7500000000000000000000       0.0030166054367930226522       0.0001701959383731868180
127.5000000000000000000000       0.0029562388348853864406       0.0001945741959351925609
128.2500000000000000000000       0.0029048059354098727108       0.0001725867641160393944
129.0000000000000000000000       0.0028733566616335648632       0.0001473542146403154080
129.7500000000000000000000       0.0028518992007068601734       0.0001784795916902082733
130.5000000000000000000000       0.0028380527939130847752       0.0002049308779260527969
131.2500000000000000000000       0.0028280119141857740228       0.0001778066124966673966
132.0000000000000000000000       0.0028111775523506810255       0.0001457179404450162558
132.7500000000000000000000       0.0027909464494616951710       0.0001845751415164624759
133.5000000000000000000000       0.0027623929561928993980       0.0002165692673582912198
134.2500000000000000000000       0.0027296782677341973646       0.0001834902079814346664
135.0000000000000000000000       0.0027029178344245871450       0.0001429512689206825912
135.7500000000000000000000       0.0026791345286895228324       0.0002474043701983508745
136.5000000000000000000000       0.0026774217837815801439       0.0003193474275776337170
137.2500000000000000000000       0.0026867443192871974002       0.0002497597124945091980
138.0000000000000000000000       0.0027206949333340663469       0.0001509206694599113060
138.7500000000000000000000       0.0027669595866515617893       0.0002021240075461248084
139.5000000000000000000000       0.0028260695147774828571       0.0002427574517554179252
140.2500000000000000000000       0.0028916020803076173881       0.0002037682554913233606
141.0000000000000000000000       0.0029585702769388574733       0.0001552798232519937856
141.7500000000000000000000       0.0030262562891206503356       0.0002779649415057709261
142.5000000000000000000000       0.0030955626285331578652       0.0003611332079765621600
143.2500000000000000000000       0.0031656791315610214275       0.0002779046669875182094
144.0000000000000000000000       0.0032430112517132050377       0.0001550639028382940507
144.7500000000000000000000       0.0033239511804275486719       0.0001922989108602629550
145.5000000000000000000000       0.0034082263116384150375       0.0002234120146112174364
146.2500000000000000000000       0.0034941690440975438532       0.0001951186139261745030
147.0000000000000000000000       0.0035634005616550462441       0.0001619556072765011162
147.7500000000000000000000       0.0036242764717617360730       0.0002043321561250912297
148.5000000000000000000000       0.0036452737575402376601       0.0002393191202665534065
149.2500000000000000000000       0.0036463317311546438251       0.0002028839991059414006
150.0000000000000000000000       0.0036058063143249523795       0.0001582725271842280398
150.7500000000000000000000       0.0035444892022732086591       0.0002054726110867234330
151.5000000000000000000000       0.0034706904343535368782       0.0002436961118941162658
152.2500000000000000000000       0.0033906508384999008501       0.0002079199446399478742
153.0000000000000000000000       0.0033365055397667521542       0.0001645406083793552420
153.7500000000000000000000       0.0032953073895938466906       0.0001966132229863094805
154.5000000000000000000000       0.0033021615219017406463       0.0002241426043845304696
155.2500000000000000000000       0.0033330417954500358296       0.0001969262124127645335
156.0000000000000000000000       0.0034039167133601607590       0.0001652875045797302846
156.7500000000000000000000       0.0034947889534512007782       0.0002034540884402972344
157.5000000000000000000000       0.0035906218882777274186       0.0002355146981314547002
158.2500000000000000000000       0.0036889351704719962853       0.0002069256950041661717
159.0000000000000000000000       0.0037700056098167343197       0.0001736931589613251604
159.7500000000000000000000       0.0038424546277367080220       0.0002166278576672560883
160.5000000000000000000000       0.0039246979411171663971       0.0002523607417270873864
161.2500000000000000000000       0.0040118384022278658074       0.0002217789014861260130
162.0000000000000000000000       0.0041484591888196805515       0.0001862412905983521524
162.7500000000000000000000       0.0043098201381520512276       0.0002230067264434958921
163.5000000000000000000000       0.0045116597412764025687       0.0002545155825373931319
164.2500000000000000000000       0.0047337386712967451097       0.0002229758278048368163
165.0000000000000000000000       0.0049637976901884123260       0.0001861672844947681517
165.7500000000000000000000       0.0051978467535157410126       0.0002366910237945273846
166.5000000000000000000000       0.0054556728705839425617       0.0002781852326663784261
167.2500000000000000000000       0.0057253875145225801083       0.0002430690940972728066
168.0000000000000000000000       0.0060707419595525096562       0.0002019359931683566481
168.7500000000000000000000       0.0064539163051280865058       0.0002523321128636022760
169.5000000000000000000000       0.0069081405600967113120       0.0002942190425984165169
170.2500000000000000000000       0.0073978897697618605303       0.0002530164903055312064
171.0000000000000000000000       0.0078835575748080789771       0.0002036414587099813869
171.7500000000000000000000       0.0083671846775448376760       0.0002919637410903127704
172.5000000000000000000000       0.0087694082086442106533       0.0003591877065231678396
173.2500000000000000000000       0.0091309299539248951066       0.0003007878448618956724
174.0000000000000000000000       0.0093656079085722085398       0.0002278834059688292593
174.7500000000000000000000       0.0095368639679028286565       0.0002846979467646520165
175.5000000000000000000000       0.0095719968102484023764       0.0003319261891867874583
176.2500000000000000000000       0.0095390680441014633062       0.0002945663082696964026
177.0000000000000000000000       0.0094008596025684613984       0.0002517213238230178772
177.7500000000000000000000       0.0092100113233424246023       0.0002916929205353111431
178.5000000000000000000000       0.0089616687280728007242       0.0003268117117142927373
179.2500000000000000000000       0.0086845789747813893766       0.0002834782902730763939
180.0000000000000000000000       0.0083944092258509423604       0.0002321938569356804332
180.7500000000000000000000       0.0080976994791009809793       0.0002943252531529291327
181.5000000000000000000000       0.0078319545255091313485       0.0003454572652129413125
182.2500000000000000000000       0.0075816919684963393275       0.0003241942219844100000
183.0000000000000000000000       0.0073818930188671236237       0.0003014350096583828884
183.7500000000000000000000       0.0072073258729297012826       0.0003165054978479787907
184.5000000000000000000000       0.0070508919189082794321       0.0003308903070327755313
185.2500000000000000000000       0.0069035245608448638985       0.0002807626650682787080
186.0000000000000000000000       0.0067434359599510699038       0.0002194697083978572425
186.7500000000000000000000       0.0065769867376420871122       0.0002714359992561032019
187.5000000000000000000000       0.0064406093505300849103       0.0003149413445073195417
188.2500000000000000000000       0.0063192678810165695338       0.0002717980929173290116
189.0000000000000000000000       0.0062905310268330889498       0.0002203641444221721309
189.7500000000000000000000       0.0063080964803146240272       0.0002693745020526542374
190.5000000000000000000000       0.0063840689364930893607       0.0003107489156301512486
191.2500000000000000000000       0.0064892448940200202559       0.0002666981699571588610
192.0000000000000000000000       0.0065453513706415170775       0.0002137543897834155325
192.7500000000000000000000       0.0065769231068102959950       0.0002738843368730195602
193.5000000000000000000000       0.0065213922209225883703       0.0003230082364539130441
194.2500000000000000000000       0.0064223100240066366071       0.0002748418600103347633
195.0000000000000000000000       0.0063112576878749417075       0.0002161984625542327830
195.7500000000000000000000       0.0061942202821353752398       0.0002794684839873651065
196.5000000000000000000000       0.0061448731895978351766       0.0003308526739707240883
197.2500000000000000000000       0.0061293712536613052799       0.0002745896831862942628
198.0000000000000000000000       0.0061434143218232761807       0.0002033113286344876704
198.7500000000000000000000       0.0061722298920344979140       0.0002516100859964133713
199.5000000000000000000000       0.0061109042631279659324       0.0002920270097082192963
200.2500000000000000000000       0.0060045080346625562262       0.0002511327709628977372
201.0000000000000000000000       0.0057170759125786205918       0.0002021275906547202001
201.7500000000000000000000       0.0053391258436854245953       0.0002719397972209611886
202.5000000000000000000000       0.0047732825855601578730       0.0003271802923790991164
203.2500000000000000000000       0.0041134927328188566550       0.0002683333384866415957
204.0000000000000000000000       0.0033056494410808280257       0.0001922462414860181689
204.7500000000000000000000       0.0024237794298444369917       0.0002254685048964499968
205.5000000000000000000000       0.0015617849602669153352       0.0002543884353404858600
206.2500000000000000000000       0.0007097282615188293432       0.0002226885942702839898
207.0000000000000000000000       0.0002838062412907559843       0.0001856527511273931030
207.7500000000000000000000       0.0000709515603226890232       0.0001312763192681180684
208.5000000000000000000000       0.0000000000000000000000       0.0000000000000000000000
209.2500000000000000000000       0.0000000000000000000000       0.0000000000000000000000
210.0000000000000000000000       0.0000000000000000000000       0.0000000000000000000000
210.7500000000000000000000       0.0000000000000000000000       0.0000000000000000000000
211.5000000000000000000000       0.0000000000000000000000       0.0000000000000000000000
212.2500000000000000000000       0.0000000000000000000000       0.0000000000000000000000
213.0000000000000000000000       0.0000011253188039225546       0.0000000000000000000000
213.7500000000000000000000       0.0000028132970098063867       0.0000000000000000000000
214.5000000000000000000000       0.0000022506376078451087       0.0000000000000000000000
215.2500000000000000000000       0.0000005626594019612773       0.0000000000000000000000
216.0000000000000000000000       0.0000000000000000000000       0.0000000000000000000000
216.7500000000000000000000       0.0000000000000000000000       0.0000000000000000000000
217.5000000000000000000000       0.0000000000000000000000       0.0000000000000000000000
218.2500000000000000000000       0.0000000000000000000000       0.0000000000000000000000
219.0000000000000000000000       0.0000000000000000000000       0.0000000000000000000000
219.7500000000000000000000       0.0000000000000000000000       0.0000000000000000000000
220.5000000000000000000000       0.0000000000000000000000       0.0000000000000000000000
221.2500000000000000000000       0.0000000000000000000000       0.0000000000000000000000
222.0000000000000000000000       0.0000000000000000000000       0.0000000000000000000000
222.7500000000000000000000       0.0000000000000000000000       0.0000000000000000000000
223.5000000000000000000000       0.0000000000000000000000       0.0000000000000000000000
224.2500000000000000000000       0.0000000000000000000000       0.0000000000000000000000
225.0000000000000000000000       0.0000000000000000000000       0.0000000000000000000000
225.7500000000000000000000       0.0000000000000000000000       0.0000000000000000000000
226.5000000000000000000000       0.0000000000000000000000       0.0000000000000000000000
227.2500000000000000000000       0.0000000000000000000000       0.0000000000000000000000
228.0000000000000000000000       0.0000000000000000000000       0.0000000000000000000000
228.7500000000000000000000       0.0000000000000000000000       0.0000000000000000000000
229.5000000000000000000000       0.0000000000000000000000       0.0000000000000000000000
230.2500000000000000000000       0.0000000000000000000000       0.0000000000000000000000
231.0000000000000000000000       0.0000000000000000000000       0.0000000000000000000000
231.7500000000000000000000       0.0000000000000000000000       0.0000000000000000000000
232.5000000000000000000000       0.0000000000000000000000       0.0000000000000000000000
233.2500000000000000000000       0.0000000000000000000000       0.0000000000000000000000
234.0000000000000000000000       0.0000000000000000000000       0.0000000000000000000000
234.7500000000000000000000       0.0000000000000000000000       0.0000000000000000000000
235.5000000000000000000000       0.0000000000000000000000       0.0000000000000000000000
236.2500000000000000000000       0.0000000000000000000000       0.0000000000000000000000
237.0000000000000000000000       0.0000000000000000000000       0.0000000000000000000000
237.7500000000000000000000       0.0000000000000000000000       0.0000000000000000000000
238.5000000000000000000000       0.0000000000000000000000       0.0000000000000000000000
239.2500000000000000000000       0.0000000000000000000000       0.0000000000000000000000
