  0.0000000000000000000000       0.0000053980801631127597       0.0000000000000000000000
  1.5000000000000000000000       0.0001537103691066750107       0.0000003212823350460700
  3.0000000000000000000000       0.0004235846696701579925       0.0000025842763916264601
  4.5000000000000000000000       0.0006471799007670479787       0.0000044877066827277298
  6.0000000000000000000000       0.0008938157722503559544       0.0000076624900288577900
  7.5000000000000000000000       0.0011674685474824500649       0.0000116618324355230995
  9.0000000000000000000000       0.0014386982400594100408       0.0000150202394556681001
 10.5000000000000000000000       0.0017725472450051500337       0.0000201416682377908015
 12.0000000000000000000000       0.0022285073399270099483       0.0000269112394584055006
 13.5000000000000000000000       0.0028339446970788899696       0.0000387194803548428026
 15.0000000000000000000000       0.0032514566251254798171       0.0000470730887797860009
 16.5000000000000000000000       0.0034046509384253200413       0.0000623426316455666011
 18.0000000000000000000000       0.0033219632673467699817       0.0000757404816633417967
 19.5000000000000000000000       0.0033039865965151901835       0.0000847638095936777028
 21.0000000000000000000000       0.0032032976795773201138       0.0000918392615639235010
 22.5000000000000000000000       0.0031540939229327998039       0.0000465877240020765997
 24.0000000000000000000000       0.0031464379568064398257       0.0000586517491197888972
 25.5000000000000000000000       0.0032218947611995099947       0.0000540610048864108997
 27.0000000000000000000000       0.0033103374470761200501       0.0000858125504948492065
 28.5000000000000000000000       0.0033888029587208199668       0.0000554449846742187017
 30.0000000000000000000000       0.0034968644122177101885       0.0000564403877694514991
 31.5000000000000000000000       0.0036099002596147299754       0.0000645225791162387993
 33.0000000000000000000000       0.0036472487322509899478       0.0000748518988160565003
 34.5000000000000000000000       0.0036465329350762599840       0.0000811032842823709990
 36.0000000000000000000000       0.0037675722695206101051       0.0000781594155834386016
 37.5000000000000000000000       0.0040015603904946196387       0.0000693722068912023979
 39.0000000000000000000000       0.0041653390266996196192       0.0000860265710001911055
 40.5000000000000000000000       0.0041349490833555097372       0.0000711316643231091035
 42.0000000000000000000000       0.0039532747183948302797       0.0000843590205675377004
 43.5000000000000000000000       0.0038718949322587301390       0.0000735140630685160006
 45.0000000000000000000000       0.0040848041809946498623       0.0001216008670857939949
 46.5000000000000000000000       0.0043875397193401397336       0.0000788685342437989980
 48.0000000000000000000000       0.0045430581259610801001       0.0000778191965898048004
 49.5000000000000000000000       0.0046653806033406302819       0.0000851686511003309942
 51.0000000000000000000000       0.0049072173591419602709       0.0000920030091154582050
 52.5000000000000000000000       0.0052157594449886001547       0.0000848890051082526947
 54.0000000000000000000000       0.0054711506906202902675       0.0000872803557441328054
 55.5000000000000000000000       0.0057725028750043802517       0.0001106033475089510023
 57.0000000000000000000000       0.0062278908488799800125       0.0001063261440973859990
 58.5000000000000000000000       0.0064676079375448301823       0.0000858161808118914937
 60.0000000000000000000000       0.0059488516044343495853       0.0001096616225288050007
 61.5000000000000000000000       0.0049293319290694996224       0.0000927837594592437935
 63.0000000000000000000000       0.0042302496540509203563       0.0000954874582809246995
 64.5000000000000000000000       0.0040817050854438600288       0.0000893161078097548945
 66.0000000000000000000000       0.0039999211561477197863       0.0001475236515541809867
 67.5000000000000000000000       0.0039641948565039501068       0.0000903406819701688054
 69.0000000000000000000000       0.0043164189585116700260       0.0000983392553085035947
 70.5000000000000000000000       0.0048574535312703101542       0.0001053932257748399980
 72.0000000000000000000000       0.0055687337193804200067       0.0000946534573194505004
 73.5000000000000000000000       0.0063232472333127698674       0.0001035564344214290013
 75.0000000000000000000000       0.0072275066129759701905       0.0001190531204076679942
 76.5000000000000000000000       0.0086650599866349396760       0.0001055339444510089978
 78.0000000000000000000000       0.0093223291616364497431       0.0001229363768855269950
 79.5000000000000000000000       0.0088821079639184591370       0.0001149416452995510001
 81.0000000000000000000000       0.0083577424986466808399       0.0001283490349263679913
 82.5000000000000000000000       0.0079949501209054703310       0.0001418782234382030111
 84.0000000000000000000000       0.0076869527697665199911       0.0001181236872955909983
 85.5000000000000000000000       0.0075715814602596402672       0.0001108975584419630067
 87.0000000000000000000000       0.0073690982892084203743       0.0001302318806270629913
 88.5000000000000000000000       0.0071555066756485100760       0.0001164754133767610021
 90.0000000000000000000000       0.0072064660574888399908       0.0001187805541476269939
 91.5000000000000000000000       0.0073419012017251900071       0.0001136846919552079939
 93.0000000000000000000000       0.0073770958935452102256       0.0001526540623250850130
 94.5000000000000000000000       0.0072383515428383598395       0.0001664443318412489993
 96.0000000000000000000000       0.0071557548506768903218       0.0001681269099815439977
 97.5000000000000000000000       0.0072403204704331904085       0.0002294986132253979956
 99.0000000000000000000000       0.0072611641486919698343       0.0001599698196794999876
100.5000000000000000000000       0.0071751395421072502318       0.0002268261670500949887
102.0000000000000000000000       0.0069661832834946599627       0.0001608424649062239944
103.5000000000000000000000       0.0066531598506526998249       0.0002389093104343649942
105.0000000000000000000000       0.0062786546189346403510       0.0001842686435727080023
106.5000000000000000000000       0.0058825147316103497050       0.0002301745266335500101
108.0000000000000000000000       0.0054762636462082599567       0.0001536418403578959971
109.5000000000000000000000       0.0050589794029880404136       0.0002241141859548160013
111.0000000000000000000000       0.0046363886446298598759       0.0001487076752491909919
112.5000000000000000000000       0.0042323446606781700216       0.0002167928518090679905
114.0000000000000000000000       0.0038902363002516798969       0.0001498987384062250067
115.5000000000000000000000       0.0036530615320498698549       0.0002141178348036189966
117.0000000000000000000000       0.0035333932358818198431       0.0001946181764950669871
118.5000000000000000000000       0.0035008723979567299943       0.0002008671118725490119
120.0000000000000000000000       0.0034993980995309198825       0.0001716062636043169871
121.5000000000000000000000       0.0034748774127549299749       0.0002077940606809320094
123.0000000000000000000000       0.0033941649067197299759       0.0001411310220244750048
124.5000000000000000000000       0.0032568093094157701817       0.0002878752597773079997
126.0000000000000000000000       0.0030948394435649098991       0.0001416834399414150091
127.5000000000000000000000       0.0029562388348853899100       0.0001945741959351929946
129.0000000000000000000000       0.0028733566616335600927       0.0001473542146403150014
130.5000000000000000000000       0.0028380527939130800047       0.0002049308779260529867
132.0000000000000000000000       0.0028111775523506801581       0.0001457179404450160119
133.5000000000000000000000       0.0027623929561928998316       0.0002165692673582910030
135.0000000000000000000000       0.0027029178344245901808       0.0001429512689206829978
136.5000000000000000000000       0.0026774217837815801439       0.0003193474275776339881
138.0000000000000000000000       0.0027206949333340698163       0.0001509206694599110078
139.5000000000000000000000       0.0028260695147774798214       0.0002427574517554180065
141.0000000000000000000000       0.0029585702769388600754       0.0001552798232519940025
142.5000000000000000000000       0.0030955626285331600336       0.0003611332079765619974
144.0000000000000000000000       0.0032430112517132098082       0.0001550639028382939965
145.5000000000000000000000       0.0034082263116384198080       0.0002234120146112170027
147.0000000000000000000000       0.0035634005616550501472       0.0001619556072765010078
148.5000000000000000000000       0.0036452737575402398285       0.0002393191202665529999
150.0000000000000000000000       0.0036058063143249502111       0.0001582725271842280127
151.5000000000000000000000       0.0034706904343535399139       0.0002436961118941159948
153.0000000000000000000000       0.0033365055397667499858       0.0001645406083793549980
154.5000000000000000000000       0.0033021615219017402126       0.0002241426043845300088
156.0000000000000000000000       0.0034039167133601598916       0.0001652875045797299865
157.5000000000000000000000       0.0035906218882777300207       0.0002355146981314549983
159.0000000000000000000000       0.0037700056098167299828       0.0001736931589613249977
160.5000000000000000000000       0.0039246979411171698665       0.0002523607417270870069
162.0000000000000000000000       0.0041484591888196796841       0.0001862412905983519898
163.5000000000000000000000       0.0045116597412763999667       0.0002545155825373930235
165.0000000000000000000000       0.0049637976901884097239       0.0001861672844947679891
166.5000000000000000000000       0.0054556728705839399596       0.0002781852326663779925
168.0000000000000000000000       0.0060707419595525096562       0.0002019359931683570005
169.5000000000000000000000       0.0069081405600967095773       0.0002942190425984170048
171.0000000000000000000000       0.0078835575748080807118       0.0002036414587099810074
172.5000000000000000000000       0.0087694082086442106533       0.0003591877065231680022
174.0000000000000000000000       0.0093656079085722102745       0.0002278834059688289882
175.5000000000000000000000       0.0095719968102484006417       0.0003319261891867870246
177.0000000000000000000000       0.0094008596025684596637       0.0002517213238230179857
178.5000000000000000000000       0.0089616687280728007242       0.0003268117117142930084
180.0000000000000000000000       0.0083944092258509406257       0.0002321938569356799995
181.5000000000000000000000       0.0078319545255091296138       0.0003454572652129409872
183.0000000000000000000000       0.0073818930188671201542       0.0003014350096583829968
184.5000000000000000000000       0.0070508919189082802995       0.0003308903070327760191
186.0000000000000000000000       0.0067434359599510699038       0.0002194697083978569985
187.5000000000000000000000       0.0064406093505300797061       0.0003149413445073199753
189.0000000000000000000000       0.0062905310268330898171       0.0002203641444221719954
190.5000000000000000000000       0.0063840689364930902280       0.0003107489156301509775
192.0000000000000000000000       0.0065453513706415196796       0.0002137543897834159933
193.5000000000000000000000       0.0065213922209225901050       0.0003230082364539129899
195.0000000000000000000000       0.0063112576878749399728       0.0002161984625542329999
196.5000000000000000000000       0.0061448731895978403808       0.0003308526739707239798
198.0000000000000000000000       0.0061434143218232796502       0.0002033113286344879957
199.5000000000000000000000       0.0061109042631279702693       0.0002920270097082190252
201.0000000000000000000000       0.0057170759125786197244       0.0002021275906547200104
202.5000000000000000000000       0.0047732825855601596077       0.0003271802923790990080
204.0000000000000000000000       0.0033056494410808301941       0.0001922462414860180062
205.5000000000000000000000       0.0015617849602669201057       0.0002543884353404860226
207.0000000000000000000000       0.0002838062412907559843       0.0001856527511273929946
208.5000000000000000000000       0.0000000000000000000000       0.0000000000000000000000
210.0000000000000000000000       0.0000000000000000000000       0.0000000000000000000000
211.5000000000000000000000       0.0000000000000000000000       0.0000000000000000000000
213.0000000000000000000000       0.0000011253188039225499       0.0000000000000000000000
214.5000000000000000000000       0.0000022506376078451100       0.0000000000000000000000
216.0000000000000000000000       0.0000000000000000000000       0.0000000000000000000000
217.5000000000000000000000       0.0000000000000000000000       0.0000000000000000000000
219.0000000000000000000000       0.0000000000000000000000       0.0000000000000000000000
220.5000000000000000000000       0.0000000000000000000000       0.0000000000000000000000
222.0000000000000000000000       0.0000000000000000000000       0.0000000000000000000000
223.5000000000000000000000       0.0000000000000000000000       0.0000000000000000000000
225.0000000000000000000000       0.0000000000000000000000       0.0000000000000000000000
226.5000000000000000000000       0.0000000000000000000000       0.0000000000000000000000
228.0000000000000000000000       0.0000000000000000000000       0.0000000000000000000000
229.5000000000000000000000       0.0000000000000000000000       0.0000000000000000000000
231.0000000000000000000000       0.0000000000000000000000       0.0000000000000000000000
232.5000000000000000000000       0.0000000000000000000000       0.0000000000000000000000
234.0000000000000000000000       0.0000000000000000000000       0.0000000000000000000000
235.5000000000000000000000       0.0000000000000000000000       0.0000000000000000000000
237.0000000000000000000000       0.0000000000000000000000       0.0000000000000000000000
238.5000000000000000000000       0.0000000000000000000000       0.0000000000000000000000
