0.000000000000000000e+00 0.000000000000000000e+00 0.000000000000000000e+00
7.500000000000000000e-01 3.746281680523513098e-05 2.049098123329534508e-08
1.500000000000000000e+00 1.498512672209405239e-04 3.212823350460705212e-07
2.250000000000000000e+00 3.371653512471161924e-04 2.178210330875485367e-06
3.000000000000000000e+00 4.419097592561076790e-04 2.584276391626457933e-06
3.750000000000000000e+00 5.521689494794118852e-04 3.653245014547470473e-06
4.500000000000000000e+00 6.703418605810412953e-04 4.487706682727733151e-06
5.250000000000000000e+00 7.719104838679273885e-04 6.196217781033633227e-06
6.000000000000000000e+00 9.218680200585890709e-04 7.662490028857791690e-06
6.750000000000000000e+00 1.052075170171402766e-03 9.136544971289284065e-06
7.500000000000000000e+00 1.198842135693442253e-03 1.166183243552312661e-05
8.250000000000000000e+00 1.325885808346931446e-03 1.346782759846317073e-05
9.000000000000000000e+00 1.458184086021261034e-03 1.502023945566806957e-05
9.750000000000000000e+00 1.652005173771029043e-03 1.932748160054669728e-05
1.050000000000000000e+01 1.798414782604508674e-03 2.014166823779080148e-05
1.125000000000000000e+01 2.028496846576884408e-03 2.491809153342645230e-05
1.200000000000000000e+01 2.267321299817371110e-03 2.691123945840552436e-05
1.275000000000000000e+01 2.597537427001874420e-03 3.366102724111786476e-05
1.350000000000000000e+01 2.935764035296436775e-03 3.871948035484278902e-05
1.425000000000000000e+01 3.082143512250585127e-03 4.265238948382979515e-05
1.500000000000000000e+01 3.321383848087160195e-03 4.707308877978601442e-05
1.575000000000000000e+01 3.438621986829070495e-03 5.666968233566614790e-05
1.650000000000000000e+01 3.419581608254241342e-03 6.234263164556658752e-05
1.725000000000000000e+01 3.411778524023096476e-03 7.611821078976965056e-05
1.800000000000000000e+01 3.288828151496087961e-03 7.574048166334183731e-05
1.875000000000000000e+01 3.369178202542901738e-03 8.751926809389651589e-05
1.950000000000000000e+01 3.343383878452052538e-03 8.476380959367770277e-05
2.025000000000000000e+01 3.187734651289238479e-03 9.354148800031529206e-05
2.100000000000000000e+01 3.239326722958363585e-03 9.183926156392347394e-05
2.175000000000000000e+01 3.191011464534364642e-03 1.056842155856547831e-04
2.250000000000000000e+01 3.210259306677259571e-03 4.658772400207657937e-05
2.325000000000000000e+01 3.158046197608980251e-03 5.296434509414951476e-05
2.400000000000000000e+01 3.105833088540701798e-03 5.865174911978889721e-05
2.475000000000000000e+01 3.152932941214279909e-03 5.640310241528916221e-05
2.550000000000000000e+01 3.200032793887858020e-03 5.406100488641087256e-05
2.625000000000000000e+01 3.239120835646630298e-03 7.171605842403632261e-05
2.700000000000000000e+01 3.278208877405402143e-03 8.581255049484920645e-05
2.775000000000000000e+01 3.326219958267509231e-03 7.224243956275073109e-05
2.850000000000000000e+01 3.374231039129616753e-03 5.544498467421864749e-05
2.925000000000000000e+01 3.382330159400205073e-03 5.594490011203160691e-05
3.000000000000000000e+01 3.390429279670793827e-03 5.644038776945147878e-05
3.075000000000000000e+01 3.461738804371710526e-03 6.061633685475122953e-05
3.150000000000000000e+01 3.533048329072628526e-03 6.452257911623881289e-05
3.225000000000000000e+01 3.572110324676328226e-03 6.987835849596231062e-05
3.300000000000000000e+01 3.611172320280028360e-03 7.485189881605647320e-05
3.375000000000000000e+01 3.652524482667536890e-03 7.804021231953512728e-05
3.450000000000000000e+01 3.693876645055044119e-03 8.110328428237101252e-05
3.525000000000000000e+01 3.667428156779469536e-03 7.964495265153892479e-05
3.600000000000000000e+01 3.640979668503894952e-03 7.815941558343860156e-05
3.675000000000000000e+01 3.746215711299217665e-03 7.389654028877283977e-05
3.750000000000000000e+01 3.851451754094541245e-03 6.937220689120239786e-05
3.825000000000000000e+01 3.937891922421628450e-03 7.814433442997231099e-05
3.900000000000000000e+01 4.024332090748716090e-03 8.602657100019111907e-05
3.975000000000000000e+01 4.040159472620368820e-03 7.893125042537457682e-05
4.050000000000000000e+01 4.055986854492024153e-03 7.113166432310906288e-05
4.125000000000000000e+01 4.039509372790925021e-03 7.802614312039814323e-05
4.200000000000000000e+01 4.023031891089826756e-03 8.435902056753765972e-05
4.275000000000000000e+01 3.972635061857106645e-03 7.912256890406170994e-05
4.350000000000000000e+01 3.922238232624384799e-03 7.351406306851597354e-05
4.425000000000000000e+01 3.935688936971617168e-03 1.004765851949066300e-04
4.500000000000000000e+01 3.949139641318849536e-03 1.216008670857939272e-04
4.575000000000000000e+01 4.120872466526166039e-03 1.024866249073073184e-04
4.650000000000000000e+01 4.292605291733480807e-03 7.886853424379897093e-05
4.725000000000000000e+01 4.411155800560534468e-03 7.834562225053793032e-05
4.800000000000000000e+01 4.529706309387586394e-03 7.781919658980475970e-05
4.875000000000000000e+01 4.557463010635595148e-03 8.157673224680120480e-05
4.950000000000000000e+01 4.585219711883603035e-03 8.516865110033098067e-05
5.025000000000000000e+01 4.689252920122601899e-03 8.865171407409162048e-05
5.100000000000000000e+01 4.793286128361600763e-03 9.200300911545817792e-05
5.175000000000000000e+01 4.911378765567446340e-03 8.851750356445900437e-05
5.250000000000000000e+01 5.029471402773291917e-03 8.488900510825266759e-05
5.325000000000000000e+01 5.180731587599142138e-03 8.609298370683678777e-05
5.400000000000000000e+01 5.331991772424991491e-03 8.728035574413283251e-05
5.475000000000000000e+01 5.412572904217759738e-03 9.962670570436445009e-05
5.550000000000000000e+01 5.493154036010528853e-03 1.106033475089507041e-04
5.625000000000000000e+01 5.598779060518452137e-03 1.084858271821805556e-04
5.700000000000000000e+01 5.704404085026376289e-03 1.063261440973864192e-04
5.775000000000000000e+01 5.824031737970558273e-03 9.661693901112121722e-05
5.850000000000000000e+01 5.943659390914741124e-03 8.581618081189149375e-05
5.925000000000000000e+01 5.914660546462974233e-03 9.846341540082141598e-05
6.000000000000000000e+01 5.885661702011207343e-03 1.096616225288052989e-04
6.075000000000000000e+01 5.499252563839864168e-03 1.015738585341745097e-04
6.150000000000000000e+01 5.112843425668520125e-03 9.278375945924382064e-05
6.225000000000000000e+01 4.729952827130193271e-03 9.414531509411966077e-05
6.300000000000000000e+01 4.347062228591868152e-03 9.548745828092467241e-05
6.375000000000000000e+01 4.208895845778066330e-03 9.245329037745248814e-05
6.450000000000000000e+01 4.070729462964265376e-03 8.931610780975492159e-05
6.525000000000000000e+01 4.131317745885349814e-03 1.219438290405937920e-04
6.600000000000000000e+01 4.191906028806433385e-03 1.475236515541808512e-04
6.675000000000000000e+01 4.173572314547075411e-03 1.223206167960139026e-04
6.750000000000000000e+01 4.155238600287715703e-03 9.034068197016881891e-05
6.825000000000000000e+01 4.219386079092627730e-03 9.442470003517681489e-05
6.900000000000000000e+01 4.283533557897538889e-03 9.833925530850358117e-05
6.975000000000000000e+01 4.622053369984551775e-03 1.019272808767540401e-04
7.050000000000000000e+01 4.960573182071563794e-03 1.053932257748398625e-04
7.125000000000000000e+01 5.168255059046161261e-03 1.001673824699223425e-04
7.200000000000000000e+01 5.375936936020759595e-03 9.465345731945050043e-05
7.275000000000000000e+01 5.794953129876110123e-03 9.920486906549669866e-05
7.350000000000000000e+01 6.213969323731461519e-03 1.035564344214286219e-04
7.425000000000000000e+01 6.604820129725887112e-03 1.115741470701932491e-04
7.500000000000000000e+01 6.995670935720312705e-03 1.190531204076675063e-04
7.575000000000000000e+01 7.311806730125642792e-03 1.124967975326215020e-04
7.650000000000000000e+01 7.627942524530972011e-03 1.055339444510091875e-04
7.725000000000000000e+01 8.327645258657376606e-03 1.145660643321772134e-04
7.800000000000000000e+01 9.027347992783776864e-03 1.229363768855274016e-04
7.875000000000000000e+01 8.897894572202717442e-03 1.190061649367548519e-04
7.950000000000000000e+01 8.768441151621656285e-03 1.149416452995508645e-04
8.025000000000000000e+01 8.462277791991740239e-03 1.218299154368456601e-04
8.100000000000000000e+01 8.156114432361824193e-03 1.283490349263684792e-04
8.175000000000000000e+01 7.982536883140782871e-03 1.352828611696819754e-04
8.250000000000000000e+01 7.808959333919741549e-03 1.418782234382032551e-04
8.325000000000000000e+01 7.695950600216618608e-03 1.305423988332667443e-04
8.400000000000000000e+01 7.582941866513495666e-03 1.181236872955912964e-04
8.475000000000000000e+01 7.448630807712077265e-03 1.145676087921345727e-04
8.550000000000000000e+01 7.314319748910657996e-03 1.108975584419627763e-04
8.625000000000000000e+01 7.341737579201732672e-03 1.209516663796950239e-04
8.700000000000000000e+01 7.369155409492807347e-03 1.302318806270628016e-04
8.775000000000000000e+01 7.243983400199117614e-03 1.235452642818593604e-04
8.850000000000000000e+01 7.118811390905427881e-03 1.164754133767612190e-04
8.925000000000000000e+01 7.064524850764507431e-03 1.176336303208071898e-04
9.000000000000000000e+01 7.010238310623586981e-03 1.187805541476265737e-04
9.075000000000000000e+01 7.034710884096503913e-03 1.162605462497224722e-04
9.150000000000000000e+01 7.059183457569419111e-03 1.136846919552077229e-04
9.225000000000000000e+01 7.095959493210923265e-03 1.345872800997580077e-04
9.300000000000000000e+01 7.132735528852427419e-03 1.526540623250850943e-04
9.375000000000000000e+01 7.143011286289809025e-03 1.596981188781364215e-04
9.450000000000000000e+01 7.153287043727190632e-03 1.664443318412489993e-04
9.525000000000000000e+01 7.086692188875061763e-03 1.672877363437348327e-04
9.600000000000000000e+01 7.020097334022934628e-03 1.681269099815435911e-04
9.675000000000000000e+01 6.933290467248439531e-03 2.011669348231995811e-04
9.750000000000000000e+01 6.846483600473942700e-03 2.294986132253979685e-04
9.825000000000000000e+01 6.825665166621844651e-03 1.978129883004052004e-04
9.900000000000000000e+01 6.804846732769746602e-03 1.599698196794997708e-04
9.975000000000000000e+01 6.855189544290169606e-03 1.962657041703021925e-04
1.005000000000000000e+02 6.905532355810593478e-03 2.268261670500947176e-04
1.012500000000000000e+02 6.847510795453764718e-03 1.966219832263770928e-04
1.020000000000000000e+02 6.789489235096936824e-03 1.608424649062241570e-04
1.027500000000000000e+02 6.640708027475212584e-03 2.036516107588321053e-04
1.035000000000000000e+02 6.491926819853490079e-03 2.389093104343649671e-04
1.042500000000000000e+02 6.444036807685212323e-03 2.133454846210128459e-04
1.050000000000000000e+02 6.396146795516935435e-03 1.842686435727084631e-04
1.057500000000000000e+02 6.143181481507279523e-03 2.084889034398529036e-04
1.065000000000000000e+02 5.890216167497623612e-03 2.301745266335498475e-04
1.072500000000000000e+02 5.661391501761099676e-03 1.956861362227023176e-04
1.080000000000000000e+02 5.432566836024574873e-03 1.536418403578962140e-04
1.087500000000000000e+02 5.618757241483537425e-03 1.921366485795345392e-04
1.095000000000000000e+02 5.804947646942499109e-03 2.241141859548160284e-04
1.102500000000000000e+02 5.275993888618609774e-03 1.901856212022988251e-04
1.110000000000000000e+02 4.747040130294721307e-03 1.487076752491906667e-04
1.117500000000000000e+02 4.803129060256763720e-03 1.858939392147135610e-04
1.125000000000000000e+02 4.859217990218805266e-03 2.167928518090679363e-04
1.132500000000000000e+02 4.632983757834315507e-03 1.863716346058142499e-04
1.140000000000000000e+02 4.406749525449826614e-03 1.498987384062247085e-04
1.147500000000000000e+02 4.292656952399947698e-03 1.848189370123737838e-04
1.155000000000000000e+02 4.178564379350069649e-03 2.141178348036188069e-04
1.162500000000000000e+02 4.006361767871266522e-03 2.046004420856108619e-04
1.170000000000000000e+02 3.834159156392464695e-03 1.946181764950669329e-04
1.177500000000000000e+02 3.590836207515607590e-03 1.977673269959979931e-04
1.185000000000000000e+02 3.347513258638750485e-03 2.008671118725486053e-04
1.192500000000000000e+02 3.668560310972740143e-03 1.868104739304697203e-04
1.200000000000000000e+02 3.989607363306730235e-03 1.716062636043173665e-04
1.207500000000000000e+02 3.780604991933043425e-03 1.905611205919317385e-04
1.215000000000000000e+02 3.571602620559356615e-03 2.077940606809324973e-04
1.222500000000000000e+02 3.392599548561843568e-03 1.776180410768343906e-04
1.230000000000000000e+02 3.213596476564330954e-03 1.411310220244754927e-04
1.237500000000000000e+02 3.359397436081806160e-03 2.267047976659577438e-04
1.245000000000000000e+02 3.505198395599281799e-03 2.878752597773082166e-04
1.252500000000000000e+02 3.376519344293157053e-03 2.268770177270994139e-04
1.260000000000000000e+02 3.247840292987032307e-03 1.416834399414147651e-04
1.267500000000000000e+02 3.130947829600837489e-03 1.701959383731867909e-04
1.275000000000000000e+02 3.014055366214643105e-03 1.945741959351925609e-04
1.282500000000000000e+02 3.068480072333398118e-03 1.725867641160393944e-04
1.290000000000000000e+02 3.122904778452152696e-03 1.473542146403154080e-04
1.297500000000000000e+02 2.962626033121349301e-03 1.784795916902082733e-04
1.305000000000000000e+02 2.802347287790546773e-03 2.049308779260528241e-04
1.312500000000000000e+02 2.879060309423578032e-03 1.778066124966673966e-04
1.320000000000000000e+02 2.955773331056610158e-03 1.457179404450162558e-04
1.327500000000000000e+02 3.044082939515340563e-03 1.845751415164624759e-04
1.335000000000000000e+02 3.132392547974071403e-03 2.165692673582911656e-04
1.342500000000000000e+02 2.991994531486420403e-03 1.834902079814346935e-04
1.350000000000000000e+02 2.851596514998769837e-03 1.429512689206826183e-04
1.357500000000000000e+02 2.927136511352957694e-03 2.474043701983508745e-04
1.365000000000000000e+02 3.002676507707144685e-03 3.193474275776336628e-04
1.372500000000000000e+02 2.979250565895395775e-03 2.497597124945091980e-04
1.380000000000000000e+02 2.955824624083646431e-03 1.509206694599112789e-04
1.387500000000000000e+02 2.908807955242264428e-03 2.021240075461248084e-04
1.395000000000000000e+02 2.861791286400881557e-03 2.427574517554178710e-04
1.402500000000000000e+02 3.016801771328997146e-03 2.037682554913233877e-04
1.410000000000000000e+02 3.171812256257112734e-03 1.552798232519938127e-04
1.417500000000000000e+02 3.228513236723287369e-03 2.779649415057709803e-04
1.425000000000000000e+02 3.285214217189461570e-03 3.611332079765621600e-04
1.432500000000000000e+02 3.333203789037752530e-03 2.779046669875182094e-04
1.440000000000000000e+02 3.381193360886043057e-03 1.550639028382940507e-04
1.447500000000000000e+02 3.335594294242290141e-03 1.922989108602629821e-04
1.455000000000000000e+02 3.289995227598536791e-03 2.234120146112174635e-04
1.462500000000000000e+02 3.446174493654371920e-03 1.951186139261745572e-04
1.470000000000000000e+02 3.602353759710206181e-03 1.619556072765011162e-04
1.477500000000000000e+02 3.622960557062217257e-03 2.043321561250912568e-04
1.485000000000000000e+02 3.643567354414228333e-03 2.393191202665534336e-04
1.492500000000000000e+02 3.626071897642373434e-03 2.028839991059414006e-04
1.500000000000000000e+02 3.608576440870518535e-03 1.582725271842280398e-04
1.507500000000000000e+02 3.822769098548730541e-03 2.054726110867234601e-04
1.515000000000000000e+02 4.036961756226941679e-03 2.436961118941162387e-04
1.522500000000000000e+02 3.816812067959865322e-03 2.079199446399478742e-04
1.530000000000000000e+02 3.596662379692789832e-03 1.645406083793552420e-04
1.537500000000000000e+02 3.570204223554765844e-03 1.966132229863094805e-04
1.545000000000000000e+02 3.543746067416742723e-03 2.241426043845304967e-04
1.552500000000000000e+02 3.728900450020173306e-03 1.969262124127645335e-04
1.560000000000000000e+02 3.914054832623603888e-03 1.652875045797302846e-04
1.567500000000000000e+02 3.818687990295626181e-03 2.034540884402972344e-04
1.575000000000000000e+02 3.723321147967647606e-03 2.355146981314546731e-04
1.582500000000000000e+02 3.901395988968999785e-03 2.069256950041661717e-04
1.590000000000000000e+02 4.079470829970352833e-03 1.736931589613251875e-04
1.597500000000000000e+02 4.223080603842919827e-03 2.166278576672560883e-04
1.605000000000000000e+02 4.366690377715488555e-03 2.523607417270874406e-04
1.612500000000000000e+02 4.593524060859033829e-03 2.217789014861260401e-04
1.620000000000000000e+02 4.820357744002579971e-03 1.862412905983521795e-04
1.627500000000000000e+02 4.628763501602060383e-03 2.230067264434958921e-04
1.635000000000000000e+02 4.437169259201540795e-03 2.545155825373930777e-04
1.642500000000000000e+02 4.816055236501269599e-03 2.229758278048368434e-04
1.650000000000000000e+02 5.194941213800998402e-03 1.861672844947682059e-04
1.657500000000000000e+02 5.513307411868176126e-03 2.366910237945274117e-04
1.665000000000000000e+02 5.831673609935354718e-03 2.781852326663784261e-04
1.672500000000000000e+02 6.046826534510905092e-03 2.430690940972727795e-04
1.680000000000000000e+02 6.261979459086456333e-03 2.019359931683566752e-04
1.687500000000000000e+02 6.440788395833948327e-03 2.523321128636022760e-04
1.695000000000000000e+02 6.619597332581440320e-03 2.942190425984165169e-04
1.702500000000000000e+02 6.740003298771920018e-03 2.530164903055311522e-04
1.710000000000000000e+02 6.860409264962398848e-03 2.036414587099814140e-04
1.717500000000000000e+02 7.607257853825952730e-03 2.919637410903127704e-04
1.725000000000000000e+02 8.354106442689508347e-03 3.591877065231678938e-04
1.732500000000000000e+02 8.352998095718711102e-03 3.007878448618956182e-04
1.740000000000000000e+02 8.351889748747917327e-03 2.278834059688292322e-04
1.747500000000000000e+02 8.595077152660803715e-03 2.846979467646520165e-04
1.755000000000000000e+02 8.838264556573690103e-03 3.319261891867874583e-04
1.762500000000000000e+02 8.921809040229692137e-03 2.945663082696964026e-04
1.770000000000000000e+02 9.005353523885695904e-03 2.517213238230178772e-04
1.777500000000000000e+02 8.941375939256070160e-03 2.916929205353110889e-04
1.785000000000000000e+02 8.877398354626440946e-03 3.268117117142927373e-04
1.792500000000000000e+02 8.636956297615100420e-03 2.834782902730764481e-04
1.800000000000000000e+02 8.396514240603763363e-03 2.321938569356803790e-04
1.807500000000000000e+02 8.309705636128764811e-03 2.943252531529291327e-04
1.815000000000000000e+02 8.222897031653769728e-03 3.454572652129413125e-04
1.822500000000000000e+02 7.962567482856942186e-03 3.241942219844100000e-04
1.830000000000000000e+02 7.702237934060117246e-03 3.014350096583828884e-04
1.837500000000000000e+02 7.496150668230597627e-03 3.165054978479787907e-04
1.845000000000000000e+02 7.290063402401079744e-03 3.308903070327755313e-04
1.852500000000000000e+02 7.117403384022164339e-03 2.807626650682787080e-04
1.860000000000000000e+02 6.944743365643248935e-03 2.194697083978572154e-04
1.867500000000000000e+02 6.947091504317266623e-03 2.714359992561032561e-04
1.875000000000000000e+02 6.949439642991284312e-03 3.149413445073194874e-04
1.882500000000000000e+02 6.740265527177054239e-03 2.717980929173290116e-04
1.890000000000000000e+02 6.531091411362824166e-03 2.203641444221721038e-04
1.897500000000000000e+02 6.389091853740228207e-03 2.693745020526542374e-04
1.905000000000000000e+02 6.247092296117630512e-03 3.107489156301513570e-04
1.912500000000000000e+02 6.186190547991481450e-03 2.666981699571589152e-04
1.920000000000000000e+02 6.125288799865330654e-03 2.137543897834154783e-04
1.927500000000000000e+02 6.321827834392887598e-03 2.738843368730195602e-04
1.935000000000000000e+02 6.518366868920442807e-03 3.230082364539130441e-04
1.942500000000000000e+02 6.326031722523967060e-03 2.748418600103348175e-04
1.950000000000000000e+02 6.133696576127492181e-03 2.161984625542327559e-04
1.957500000000000000e+02 6.019372274400549422e-03 2.794684839873650523e-04
1.965000000000000000e+02 5.905047972673605795e-03 3.308526739707240883e-04
1.972500000000000000e+02 5.592296445815665706e-03 2.745896831862942628e-04
1.980000000000000000e+02 5.279544918957726485e-03 2.033113286344876704e-04
1.987500000000000000e+02 5.353875124442379271e-03 2.516100859964133713e-04
1.995000000000000000e+02 5.428205329927032058e-03 2.920270097082192963e-04
2.002500000000000000e+02 5.206970189252750625e-03 2.511327709628977914e-04
2.010000000000000000e+02 4.985735048578468324e-03 2.021275906547202001e-04
2.017500000000000000e+02 4.733980662623801794e-03 2.719397972209611344e-04
2.025000000000000000e+02 4.482226276669134396e-03 3.271802923790991164e-04
2.032500000000000000e+02 4.154666101186340124e-03 2.683333384866416500e-04
2.040000000000000000e+02 3.827105925703546286e-03 1.922462414860181960e-04
2.047500000000000000e+02 3.063967582058730113e-03 2.254685048964499968e-04
2.055000000000000000e+02 2.300829238413913940e-03 2.543884353404858600e-04
2.062500000000000000e+02 2.142513072718439313e-03 2.226885942702839898e-04
2.070000000000000000e+02 1.984196907022964251e-03 1.856527511273930759e-04
2.077500000000000000e+02 9.920984535114821257e-04 1.312763192681180955e-04
2.085000000000000000e+02 0.000000000000000000e+00 0.000000000000000000e+00
2.092500000000000000e+02 0.000000000000000000e+00 0.000000000000000000e+00
2.100000000000000000e+02 0.000000000000000000e+00 0.000000000000000000e+00
2.107500000000000000e+02 0.000000000000000000e+00 0.000000000000000000e+00
2.115000000000000000e+02 0.000000000000000000e+00 0.000000000000000000e+00
2.122500000000000000e+02 0.000000000000000000e+00 0.000000000000000000e+00
2.130000000000000000e+02 0.000000000000000000e+00 0.000000000000000000e+00
2.137500000000000000e+02 0.000000000000000000e+00 0.000000000000000000e+00
2.145000000000000000e+02 0.000000000000000000e+00 0.000000000000000000e+00
2.152500000000000000e+02 0.000000000000000000e+00 0.000000000000000000e+00
2.160000000000000000e+02 0.000000000000000000e+00 0.000000000000000000e+00
2.167500000000000000e+02 0.000000000000000000e+00 0.000000000000000000e+00
2.175000000000000000e+02 0.000000000000000000e+00 0.000000000000000000e+00
2.182500000000000000e+02 0.000000000000000000e+00 0.000000000000000000e+00
2.190000000000000000e+02 0.000000000000000000e+00 0.000000000000000000e+00
2.197500000000000000e+02 0.000000000000000000e+00 0.000000000000000000e+00
2.205000000000000000e+02 0.000000000000000000e+00 0.000000000000000000e+00
2.212500000000000000e+02 0.000000000000000000e+00 0.000000000000000000e+00
2.220000000000000000e+02 0.000000000000000000e+00 0.000000000000000000e+00
2.227500000000000000e+02 0.000000000000000000e+00 0.000000000000000000e+00
2.235000000000000000e+02 0.000000000000000000e+00 0.000000000000000000e+00
2.242500000000000000e+02 0.000000000000000000e+00 0.000000000000000000e+00
2.250000000000000000e+02 0.000000000000000000e+00 0.000000000000000000e+00
2.257500000000000000e+02 0.000000000000000000e+00 0.000000000000000000e+00
2.265000000000000000e+02 0.000000000000000000e+00 0.000000000000000000e+00
2.272500000000000000e+02 0.000000000000000000e+00 0.000000000000000000e+00
2.280000000000000000e+02 0.000000000000000000e+00 0.000000000000000000e+00
2.287500000000000000e+02 0.000000000000000000e+00 0.000000000000000000e+00
2.295000000000000000e+02 0.000000000000000000e+00 0.000000000000000000e+00
2.302500000000000000e+02 0.000000000000000000e+00 0.000000000000000000e+00
2.310000000000000000e+02 0.000000000000000000e+00 0.000000000000000000e+00
2.317500000000000000e+02 0.000000000000000000e+00 0.000000000000000000e+00
2.325000000000000000e+02 0.000000000000000000e+00 0.000000000000000000e+00
2.332500000000000000e+02 0.000000000000000000e+00 0.000000000000000000e+00
2.340000000000000000e+02 0.000000000000000000e+00 0.000000000000000000e+00
2.347500000000000000e+02 0.000000000000000000e+00 0.000000000000000000e+00
2.355000000000000000e+02 0.000000000000000000e+00 0.000000000000000000e+00
2.362500000000000000e+02 0.000000000000000000e+00 0.000000000000000000e+00
2.370000000000000000e+02 0.000000000000000000e+00 0.000000000000000000e+00
2.377500000000000000e+02 0.000000000000000000e+00 0.000000000000000000e+00
2.385000000000000000e+02 0.000000000000000000e+00 0.000000000000000000e+00
2.392500000000000000e+02 0.000000000000000000e+00 0.000000000000000000e+00
2.400000000000000000e+02 0.000000000000000000e+00 0.000000000000000000e+00
2.407500000000000000e+02 0.000000000000000000e+00 0.000000000000000000e+00
2.415000000000000000e+02 0.000000000000000000e+00 0.000000000000000000e+00
2.422500000000000000e+02 0.000000000000000000e+00 0.000000000000000000e+00
2.430000000000000000e+02 0.000000000000000000e+00 0.000000000000000000e+00
2.437500000000000000e+02 0.000000000000000000e+00 0.000000000000000000e+00
2.445000000000000000e+02 0.000000000000000000e+00 0.000000000000000000e+00
2.452500000000000000e+02 0.000000000000000000e+00 0.000000000000000000e+00
2.460000000000000000e+02 0.000000000000000000e+00 0.000000000000000000e+00
2.467500000000000000e+02 0.000000000000000000e+00 0.000000000000000000e+00
2.475000000000000000e+02 0.000000000000000000e+00 0.000000000000000000e+00
2.482500000000000000e+02 0.000000000000000000e+00 0.000000000000000000e+00
2.490000000000000000e+02 0.000000000000000000e+00 0.000000000000000000e+00
2.497500000000000000e+02 0.000000000000000000e+00 0.000000000000000000e+00
2.505000000000000000e+02 0.000000000000000000e+00 0.000000000000000000e+00
2.512500000000000000e+02 0.000000000000000000e+00 0.000000000000000000e+00
2.520000000000000000e+02 0.000000000000000000e+00 0.000000000000000000e+00
2.527500000000000000e+02 0.000000000000000000e+00 0.000000000000000000e+00
2.535000000000000000e+02 0.000000000000000000e+00 0.000000000000000000e+00
2.542500000000000000e+02 0.000000000000000000e+00 0.000000000000000000e+00
2.550000000000000000e+02 0.000000000000000000e+00 0.000000000000000000e+00
2.557500000000000000e+02 0.000000000000000000e+00 0.000000000000000000e+00
2.565000000000000000e+02 0.000000000000000000e+00 0.000000000000000000e+00
2.572500000000000000e+02 0.000000000000000000e+00 0.000000000000000000e+00
2.580000000000000000e+02 0.000000000000000000e+00 0.000000000000000000e+00
2.587500000000000000e+02 0.000000000000000000e+00 0.000000000000000000e+00
2.595000000000000000e+02 0.000000000000000000e+00 0.000000000000000000e+00
2.602500000000000000e+02 0.000000000000000000e+00 0.000000000000000000e+00
2.610000000000000000e+02 0.000000000000000000e+00 0.000000000000000000e+00
2.617500000000000000e+02 0.000000000000000000e+00 0.000000000000000000e+00
2.625000000000000000e+02 0.000000000000000000e+00 0.000000000000000000e+00
2.632500000000000000e+02 0.000000000000000000e+00 0.000000000000000000e+00
2.640000000000000000e+02 0.000000000000000000e+00 0.000000000000000000e+00
2.647500000000000000e+02 0.000000000000000000e+00 0.000000000000000000e+00
2.655000000000000000e+02 0.000000000000000000e+00 0.000000000000000000e+00
2.662500000000000000e+02 0.000000000000000000e+00 0.000000000000000000e+00
2.670000000000000000e+02 0.000000000000000000e+00 0.000000000000000000e+00
2.677500000000000000e+02 0.000000000000000000e+00 0.000000000000000000e+00
2.685000000000000000e+02 0.000000000000000000e+00 0.000000000000000000e+00
2.692500000000000000e+02 0.000000000000000000e+00 0.000000000000000000e+00
2.700000000000000000e+02 0.000000000000000000e+00 0.000000000000000000e+00
2.707500000000000000e+02 0.000000000000000000e+00 0.000000000000000000e+00
2.715000000000000000e+02 0.000000000000000000e+00 0.000000000000000000e+00
2.722500000000000000e+02 0.000000000000000000e+00 0.000000000000000000e+00
2.730000000000000000e+02 0.000000000000000000e+00 0.000000000000000000e+00
2.737500000000000000e+02 0.000000000000000000e+00 0.000000000000000000e+00
2.745000000000000000e+02 0.000000000000000000e+00 0.000000000000000000e+00
2.752500000000000000e+02 0.000000000000000000e+00 0.000000000000000000e+00
2.760000000000000000e+02 0.000000000000000000e+00 0.000000000000000000e+00
2.767500000000000000e+02 0.000000000000000000e+00 0.000000000000000000e+00
2.775000000000000000e+02 0.000000000000000000e+00 0.000000000000000000e+00
2.782500000000000000e+02 0.000000000000000000e+00 0.000000000000000000e+00
2.790000000000000000e+02 0.000000000000000000e+00 0.000000000000000000e+00
2.797500000000000000e+02 0.000000000000000000e+00 0.000000000000000000e+00
